0 1 1 -0.147369 0
0.01 0.99995 0.998526 -0.147486 0.00999263
0.02 0.9998 0.99705 -0.147837 0.0199705
0.03 0.99955 0.995568 -0.148422 0.0299336
0.04 0.9992 0.99408 -0.14924 0.0398819
0.05 0.99875 0.992583 -0.150293 0.0498152
0.06 0.998201 0.991074 -0.15158 0.0597335
0.07 0.997551 0.98955 -0.1531 0.0696366
0.08 0.996802 0.988011 -0.154854 0.0795244
0.09 0.995953 0.986453 -0.156843 0.0893968
0.1 0.995004 0.984873 -0.159065 0.0992534
0.11 0.993956 0.983271 -0.161521 0.109094
0.12 0.992809 0.981642 -0.164211 0.118919
0.13 0.991562 0.979986 -0.167135 0.128727
0.14 0.990216 0.978299 -0.170293 0.138518
0.15 0.988771 0.976579 -0.173685 0.148293
0.16 0.987227 0.974824 -0.177311 0.15805
0.17 0.985585 0.973032 -0.18117 0.167789
0.18 0.983844 0.9712 -0.185264 0.17751
0.19 0.982004 0.969326 -0.189591 0.187213
0.2 0.980067 0.967407 -0.194153 0.196897
0.21 0.978031 0.965442 -0.198948 0.206561
0.22 0.975897 0.963428 -0.203977 0.216205
0.23 0.973666 0.961362 -0.20924 0.225829
0.24 0.971338 0.959242 -0.214737 0.235432
0.25 0.968912 0.957066 -0.220468 0.245014
0.26 0.96639 0.954832 -0.226433 0.254574
0.27 0.963771 0.952537 -0.232632 0.26411
0.28 0.961055 0.950178 -0.239065 0.273624
0.29 0.958244 0.947755 -0.245732 0.283114
0.3 0.955336 0.945263 -0.252632 0.292579
0.31 0.952334 0.942701 -0.259767 0.302019
0.32 0.949235 0.940067 -0.267135 0.311433
0.33 0.946042 0.937358 -0.274737 0.32082
0.34 0.942755 0.934571 -0.282574 0.33018
0.35 0.939373 0.931705 -0.290644 0.339511
0.36 0.935897 0.928758 -0.298948 0.348813
0.37 0.932327 0.925726 -0.307486 0.358086
0.38 0.928665 0.922607 -0.316258 0.367328
0.39 0.924909 0.9194 -0.325264 0.376538
0.4 0.921061 0.916101 -0.334503 0.385715
0.41 0.917121 0.912709 -0.343977 0.394859
0.42 0.913089 0.909221 -0.353685 0.403969
0.43 0.908966 0.905634 -0.363626 0.413044
0.44 0.904752 0.901948 -0.373802 0.422082
0.45 0.900447 0.898158 -0.384211 0.431082
0.46 0.896052 0.894263 -0.394854 0.440044
0.47 0.891568 0.89026 -0.405732 0.448967
0.48 0.886995 0.886147 -0.416843 0.457849
0.49 0.882333 0.881922 -0.428188 0.46669
0.5 0.877583 0.877583 -0.439767 0.475487
0.51 0.872745 0.873127 -0.451393 0.484241
0.52 0.867819 0.868555 -0.462882 0.492949
0.53 0.862807 0.863869 -0.474232 0.501612
0.54 0.857709 0.859071 -0.485444 0.510226
0.55 0.852525 0.854161 -0.496518 0.518793
0.56 0.847255 0.849141 -0.507454 0.527309
0.57 0.841901 0.844012 -0.518251 0.535775
0.58 0.836463 0.838777 -0.52891 0.544189
0.59 0.830941 0.833435 -0.539431 0.55255
0.6 0.825336 0.827988 -0.549813 0.560858
0.61 0.819648 0.822439 -0.560058 0.56911
0.62 0.813878 0.816788 -0.570164 0.577306
0.63 0.808028 0.811036 -0.580131 0.585445
0.64 0.802096 0.805186 -0.589961 0.593526
0.65 0.796084 0.799237 -0.599652 0.601549
0.66 0.789992 0.793193 -0.609205 0.609511
0.67 0.783822 0.787054 -0.61862 0.617412
0.68 0.777573 0.780821 -0.627897 0.625252
0.69 0.771246 0.774496 -0.637035 0.633028
0.7 0.764842 0.768081 -0.646035 0.640741
0.71 0.758362 0.761576 -0.654897 0.64839
0.72 0.751806 0.754983 -0.66362 0.655972
0.73 0.745174 0.748304 -0.672206 0.663489
0.74 0.738469 0.74154 -0.680653 0.670938
0.75 0.731689 0.734691 -0.688961 0.678319
0.76 0.724836 0.727761 -0.697132 0.685632
0.77 0.717911 0.720749 -0.705164 0.692874
0.78 0.710914 0.713658 -0.713058 0.700046
0.79 0.703845 0.706489 -0.720814 0.707147
0.8 0.696707 0.699242 -0.728432 0.714176
0.81 0.689498 0.69192 -0.735911 0.721132
0.82 0.682221 0.684524 -0.743252 0.728014
0.83 0.674876 0.677056 -0.750455 0.734822
0.84 0.667463 0.669516 -0.757519 0.741555
0.85 0.659983 0.661906 -0.764446 0.748212
0.86 0.652437 0.654227 -0.771234 0.754793
0.87 0.644827 0.646482 -0.777884 0.761296
0.88 0.637151 0.63867 -0.784395 0.767722
0.89 0.629412 0.630794 -0.790769 0.77407
0.9 0.62161 0.622855 -0.797004 0.780338
0.91 0.613746 0.614855 -0.8031 0.786527
0.92 0.60582 0.606794 -0.809059 0.792635
0.93 0.597834 0.598674 -0.814879 0.798662
0.94 0.589788 0.590497 -0.820561 0.804608
0.95 0.581683 0.582263 -0.826105 0.810472
0.96 0.57352 0.573975 -0.831511 0.816253
0.97 0.5653 0.565633 -0.836778 0.821951
0.98 0.557023 0.55724 -0.841907 0.827566
0.99 0.54869 0.548796 -0.846898 0.833096
1 0.540302 0.540302 -0.851751 0.838541
1.01 0.531861 0.531761 -0.856495 0.843902
1.02 0.523366 0.523173 -0.861163 0.849177
1.03 0.514819 0.514538 -0.865753 0.854365
1.04 0.50622 0.505858 -0.870266 0.859467
1.05 0.497571 0.497133 -0.874702 0.864482
1.06 0.488872 0.488364 -0.87906 0.86941
1.07 0.480124 0.479552 -0.883341 0.874249
1.08 0.471328 0.470698 -0.887545 0.879001
1.09 0.462485 0.461801 -0.891671 0.883663
1.1 0.453596 0.452864 -0.89572 0.888236
1.11 0.444662 0.443887 -0.899692 0.89272
1.12 0.435682 0.434871 -0.903587 0.897114
1.13 0.42666 0.425816 -0.907404 0.901418
1.14 0.417595 0.416723 -0.911144 0.90563
1.15 0.408487 0.407593 -0.914807 0.909752
1.16 0.39934 0.398427 -0.918392 0.913782
1.17 0.390152 0.389226 -0.9219 0.91772
1.18 0.380925 0.379989 -0.925331 0.921566
1.19 0.37166 0.370719 -0.928684 0.92532
1.2 0.362358 0.361416 -0.93196 0.928981
1.21 0.353019 0.35208 -0.935159 0.932548
1.22 0.343646 0.342713 -0.938281 0.936022
1.23 0.334238 0.333315 -0.941325 0.939402
1.24 0.324796 0.323887 -0.944292 0.942688
1.25 0.315322 0.314429 -0.947182 0.94588
1.26 0.305817 0.304943 -0.949994 0.948977
1.27 0.296281 0.29543 -0.952729 0.951979
1.28 0.286715 0.285889 -0.955387 0.954885
1.29 0.277121 0.276322 -0.957968 0.957696
1.3 0.267499 0.26673 -0.960471 0.960412
1.31 0.25785 0.257113 -0.962897 0.963031
1.32 0.248175 0.247472 -0.965245 0.965554
1.33 0.238476 0.237808 -0.967517 0.96798
1.34 0.228753 0.228122 -0.969711 0.97031
1.35 0.219007 0.218414 -0.971828 0.972543
1.36 0.209239 0.208686 -0.973867 0.974678
1.37 0.19945 0.198937 -0.975829 0.976716
1.38 0.189641 0.18917 -0.977714 0.978657
1.39 0.179813 0.179383 -0.979522 0.9805
1.4 0.169967 0.169579 -0.981252 0.982244
1.41 0.160104 0.159759 -0.982905 0.983891
1.42 0.150225 0.149922 -0.98448 0.98544
1.43 0.140332 0.140069 -0.985979 0.98689
1.44 0.130424 0.130202 -0.9874 0.988241
1.45 0.120503 0.120321 -0.988744 0.989494
1.46 0.11057 0.110428 -0.99001 0.990647
1.47 0.100626 0.100521 -0.991199 0.991702
1.48 0.0906716 0.0906039 -0.992311 0.992658
1.49 0.0807084 0.0806755 -0.993346 0.993514
1.5 0.0707372 0.0707372 -0.994303 0.994271
1.51 0.0607589 0.0607898 -0.99517 0.994929
1.52 0.0507745 0.0508342 -0.995932 0.995487
1.53 0.040785 0.0408715 -0.996589 0.995945
1.54 0.0307915 0.0309027 -0.997142 0.996304
1.55 0.0207948 0.020929 -0.997591 0.996564
1.56 0.0107961 0.0109512 -0.997936 0.996723
1.57 0.000796327 0.000970599 -0.998176 0.996783
1.58 -0.00920354 -0.00901192 -0.998311 0.996742
1.59 -0.0192025 -0.0189953 -0.998343 0.996602
1.6 -0.0291995 -0.0289784 -0.998269 0.996362
1.61 -0.0391936 -0.0389603 -0.998092 0.996023
1.62 -0.0491838 -0.0489399 -0.99781 0.995583
1.63 -0.0591691 -0.0589162 -0.997423 0.995044
1.64 -0.0691484 -0.068888 -0.996933 0.994405
1.65 -0.0791209 -0.0788545 -0.996337 0.993666
1.66 -0.0890854 -0.0888144 -0.995638 0.992828
1.67 -0.099041 -0.0987669 -0.994834 0.99189
1.68 -0.108987 -0.108711 -0.993925 0.990853
1.69 -0.118922 -0.118645 -0.992913 0.989716
1.7 -0.128844 -0.128569 -0.991795 0.98848
1.71 -0.138755 -0.138481 -0.990574 0.987144
1.72 -0.148651 -0.14838 -0.989248 0.98571
1.73 -0.158532 -0.158265 -0.987817 0.984177
1.74 -0.168397 -0.168136 -0.986283 0.982545
1.75 -0.178246 -0.177991 -0.984643 0.980814
1.76 -0.188077 -0.187828 -0.9829 0.978985
1.77 -0.197889 -0.197648 -0.981052 0.977058
1.78 -0.207681 -0.207449 -0.979099 0.975032
1.79 -0.217452 -0.21723 -0.977042 0.972909
1.8 -0.227202 -0.22699 -0.974881 0.970688
1.81 -0.236929 -0.236727 -0.972616 0.968369
1.82 -0.246632 -0.246441 -0.970246 0.965953
1.83 -0.256311 -0.256132 -0.967771 0.96344
1.84 -0.265964 -0.265797 -0.965192 0.960831
1.85 -0.27559 -0.275435 -0.962509 0.958124
1.86 -0.285189 -0.285046 -0.959721 0.955322
1.87 -0.294759 -0.294629 -0.956829 0.952424
1.88 -0.3043 -0.304183 -0.953833 0.94943
1.89 -0.313811 -0.313706 -0.950732 0.94634
1.9 -0.32329 -0.323197 -0.947527 0.943156
1.91 -0.332736 -0.332656 -0.944217 0.939876
1.92 -0.34215 -0.342081 -0.940803 0.936503
1.93 -0.351529 -0.351471 -0.937284 0.933035
1.94 -0.360873 -0.360826 -0.933662 0.929473
1.95 -0.370181 -0.370144 -0.929934 0.925818
1.96 -0.379452 -0.379425 -0.926103 0.92207
1.97 -0.388685 -0.388666 -0.922167 0.91823
1.98 -0.397879 -0.397868 -0.918126 0.914297
1.99 -0.407033 -0.407028 -0.913981 0.910273
2 -0.416147 -0.416147 -0.909732 0.906157
2.01 -0.425219 -0.425223 -0.905392 0.90195
2.02 -0.434248 -0.434254 -0.900974 0.897653
2.03 -0.443234 -0.443242 -0.89648 0.893265
2.04 -0.452176 -0.452184 -0.891908 0.888788
2.05 -0.461073 -0.46108 -0.887258 0.884222
2.06 -0.469923 -0.469929 -0.882532 0.879566
2.07 -0.478727 -0.47873 -0.877728 0.874823
2.08 -0.487482 -0.487483 -0.872847 0.869992
2.09 -0.496189 -0.496187 -0.867888 0.865074
2.1 -0.504846 -0.50484 -0.862853 0.860068
2.11 -0.513453 -0.513443 -0.85774 0.854977
2.12 -0.522008 -0.521995 -0.85255 0.8498
2.13 -0.530511 -0.530494 -0.847282 0.844537
2.14 -0.538961 -0.53894 -0.841937 0.83919
2.15 -0.547358 -0.547333 -0.836515 0.833759
2.16 -0.555699 -0.55567 -0.831016 0.828244
2.17 -0.563985 -0.563953 -0.825439 0.822645
2.18 -0.572215 -0.572179 -0.819785 0.816965
2.19 -0.580387 -0.580348 -0.814054 0.811202
2.2 -0.588501 -0.58846 -0.808245 0.805358
2.21 -0.596557 -0.596513 -0.80236 0.799433
2.22 -0.604552 -0.604507 -0.796397 0.793428
2.23 -0.612488 -0.612441 -0.790356 0.787343
2.24 -0.620362 -0.620314 -0.784239 0.781179
2.25 -0.628174 -0.628125 -0.778044 0.774937
2.26 -0.635923 -0.635874 -0.771772 0.768617
2.27 -0.643608 -0.64356 -0.765422 0.76222
2.28 -0.65123 -0.651182 -0.758995 0.755746
2.29 -0.658786 -0.65874 -0.752491 0.749196
2.3 -0.666276 -0.666232 -0.74591 0.742571
2.31 -0.6737 -0.673658 -0.739251 0.735872
2.32 -0.681056 -0.681017 -0.732516 0.729098
2.33 -0.688344 -0.688308 -0.725702 0.722252
2.34 -0.695563 -0.695531 -0.718812 0.715333
2.35 -0.702713 -0.702684 -0.711844 0.708341
2.36 -0.709793 -0.709767 -0.704799 0.701279
2.37 -0.716801 -0.71678 -0.697677 0.694146
2.38 -0.723738 -0.72372 -0.690477 0.686944
2.39 -0.730602 -0.730589 -0.6832 0.679672
2.4 -0.737394 -0.737384 -0.675846 0.672332
2.41 -0.744111 -0.744106 -0.668415 0.664925
2.42 -0.750755 -0.750752 -0.660906 0.65745
2.43 -0.757323 -0.757323 -0.65332 0.64991
2.44 -0.763815 -0.763818 -0.645657 0.642304
2.45 -0.770231 -0.770236 -0.637916 0.634634
2.46 -0.77657 -0.776576 -0.630099 0.6269
2.47 -0.782832 -0.782838 -0.622204 0.619103
2.48 -0.789015 -0.78902 -0.614231 0.611243
2.49 -0.795119 -0.795122 -0.606181 0.603322
2.5 -0.801144 -0.801144 -0.598055 0.595341
2.51 -0.807088 -0.807083 -0.589869 0.5873
2.52 -0.812952 -0.812941 -0.581645 0.5792
2.53 -0.818735 -0.818716 -0.573383 0.571041
2.54 -0.824435 -0.824408 -0.565081 0.562826
2.55 -0.830054 -0.830018 -0.55674 0.554553
2.56 -0.835589 -0.835543 -0.54836 0.546225
2.57 -0.84104 -0.840985 -0.539942 0.537843
2.58 -0.846408 -0.846342 -0.531484 0.529406
2.59 -0.851691 -0.851614 -0.522988 0.520916
2.6 -0.856889 -0.856801 -0.514453 0.512374
2.61 -0.862001 -0.861903 -0.505878 0.50378
2.62 -0.867027 -0.866919 -0.497265 0.495136
2.63 -0.871966 -0.871848 -0.488613 0.486442
2.64 -0.876818 -0.876691 -0.479922 0.4777
2.65 -0.881582 -0.881447 -0.471192 0.468909
2.66 -0.886258 -0.886115 -0.462423 0.460071
2.67 -0.890846 -0.890695 -0.453615 0.451187
2.68 -0.895344 -0.895187 -0.444769 0.442257
2.69 -0.899753 -0.89959 -0.435883 0.433283
2.7 -0.904072 -0.903904 -0.426959 0.424266
2.71 -0.908301 -0.908129 -0.417995 0.415206
2.72 -0.912438 -0.912264 -0.408993 0.406104
2.73 -0.916485 -0.916309 -0.399951 0.396961
2.74 -0.92044 -0.920263 -0.390871 0.387778
2.75 -0.924302 -0.924126 -0.381752 0.378556
2.76 -0.928073 -0.927898 -0.372594 0.369295
2.77 -0.93175 -0.931578 -0.363397 0.359998
2.78 -0.935335 -0.935166 -0.354161 0.350664
2.79 -0.938825 -0.938661 -0.344886 0.341295
2.8 -0.942222 -0.942063 -0.335572 0.331891
2.81 -0.945525 -0.945372 -0.32622 0.322454
2.82 -0.948733 -0.948588 -0.316828 0.312984
2.83 -0.951847 -0.951709 -0.307398 0.303483
2.84 -0.954865 -0.954735 -0.297928 0.29395
2.85 -0.957787 -0.957667 -0.28842 0.284388
2.86 -0.960614 -0.960504 -0.278873 0.274797
2.87 -0.963345 -0.963245 -0.269286 0.265178
2.88 -0.965979 -0.965889 -0.259661 0.255533
2.89 -0.968517 -0.968438 -0.249997 0.245861
2.9 -0.970958 -0.970889 -0.240294 0.236164
2.91 -0.973302 -0.973243 -0.230552 0.226444
2.92 -0.975549 -0.9755 -0.220772 0.2167
2.93 -0.977698 -0.977659 -0.210952 0.206934
2.94 -0.979749 -0.979719 -0.201093 0.197147
2.95 -0.981702 -0.98168 -0.191196 0.18734
2.96 -0.983557 -0.983543 -0.181259 0.177514
2.97 -0.985314 -0.985306 -0.171284 0.167669
2.98 -0.986972 -0.986968 -0.161269 0.157808
2.99 -0.988532 -0.988531 -0.151216 0.14793
3 -0.989992 -0.989992 -0.141124 0.138038
3.01 -0.991354 -0.991353 -0.131018 0.128131
3.02 -0.992617 -0.992613 -0.120923 0.118211
3.03 -0.99378 -0.993772 -0.110839 0.108279
3.04 -0.994844 -0.99483 -0.100766 0.0983358
3.05 -0.995808 -0.995787 -0.0907038 0.0883826
3.06 -0.996673 -0.996644 -0.0806528 0.0784204
3.07 -0.997438 -0.9974 -0.0706129 0.06845
3.08 -0.998104 -0.998056 -0.060584 0.0584727
3.09 -0.998669 -0.998612 -0.0505661 0.0484893
3.1 -0.999135 -0.999067 -0.0405592 0.0385008
3.11 -0.999501 -0.999423 -0.0305634 0.0285082
3.12 -0.999767 -0.999679 -0.0205786 0.0185127
3.13 -0.999933 -0.999835 -0.0106048 0.008515
3.14 -0.999999 -0.999891 -0.000642071 -0.00148371
3.15 -0.999965 -0.999848 0.00930965 -0.0114825
3.16 -0.999831 -0.999705 0.0192503 -0.0214803
3.17 -0.999597 -0.999463 0.02918 -0.0314762
3.18 -0.999263 -0.999121 0.0390986 -0.0414693
3.19 -0.998829 -0.998681 0.0490063 -0.0514583
3.2 -0.998295 -0.998141 0.0589028 -0.0614425
3.21 -0.997661 -0.997503 0.0687884 -0.0714208
3.22 -0.996928 -0.996765 0.0786629 -0.0813923
3.23 -0.996095 -0.995929 0.0885264 -0.0913558
3.24 -0.995162 -0.994995 0.0983789 -0.101311
3.25 -0.99413 -0.993962 0.10822 -0.111255
3.26 -0.992998 -0.992831 0.118051 -0.121189
3.27 -0.991767 -0.991601 0.12787 -0.131112
3.28 -0.990437 -0.990273 0.137679 -0.141021
3.29 -0.989008 -0.988847 0.147476 -0.150917
3.3 -0.98748 -0.987324 0.157262 -0.160798
3.31 -0.985853 -0.985702 0.167037 -0.170663
3.32 -0.984128 -0.983983 0.176802 -0.180511
3.33 -0.982304 -0.982166 0.186555 -0.190342
3.34 -0.980382 -0.980252 0.196297 -0.200154
3.35 -0.978362 -0.97824 0.206028 -0.209947
3.36 -0.976244 -0.976131 0.215748 -0.219719
3.37 -0.974028 -0.973925 0.225458 -0.229469
3.38 -0.971715 -0.971622 0.235156 -0.239197
3.39 -0.969305 -0.969222 0.244843 -0.248901
3.4 -0.966798 -0.966725 0.254519 -0.258581
3.41 -0.964194 -0.964132 0.264184 -0.268236
3.42 -0.961494 -0.961442 0.273838 -0.277864
3.43 -0.958698 -0.958655 0.283481 -0.287464
3.44 -0.955806 -0.955772 0.293113 -0.297036
3.45 -0.952818 -0.952793 0.302733 -0.306579
3.46 -0.949735 -0.949718 0.312343 -0.316092
3.47 -0.946557 -0.946546 0.321942 -0.325573
3.48 -0.943285 -0.943279 0.33153 -0.335022
3.49 -0.939918 -0.939916 0.341107 -0.344439
3.5 -0.936457 -0.936457 0.350672 -0.35382
3.51 -0.932902 -0.932902 0.360204 -0.363167
3.52 -0.929254 -0.929253 0.369677 -0.372478
3.53 -0.925513 -0.925509 0.379093 -0.381752
3.54 -0.92168 -0.921671 0.388452 -0.390988
3.55 -0.917755 -0.91774 0.397752 -0.400185
3.56 -0.913737 -0.913716 0.406995 -0.409343
3.57 -0.909629 -0.9096 0.41618 -0.418459
3.58 -0.905429 -0.905393 0.425307 -0.427534
3.59 -0.901139 -0.901094 0.434377 -0.436567
3.6 -0.896758 -0.896706 0.443389 -0.445556
3.61 -0.892288 -0.892227 0.452343 -0.454501
3.62 -0.887729 -0.887659 0.461239 -0.4634
3.63 -0.883081 -0.883002 0.470078 -0.472253
3.64 -0.878345 -0.878258 0.478859 -0.48106
3.65 -0.873521 -0.873425 0.487582 -0.489818
3.66 -0.868609 -0.868506 0.496247 -0.498528
3.67 -0.863611 -0.863501 0.504855 -0.507188
3.68 -0.858526 -0.858409 0.513405 -0.515798
3.69 -0.853356 -0.853233 0.521898 -0.524356
3.7 -0.8481 -0.847971 0.530332 -0.532862
3.71 -0.842759 -0.842626 0.538709 -0.541315
3.72 -0.837334 -0.837197 0.547028 -0.549714
3.73 -0.831826 -0.831686 0.55529 -0.558059
3.74 -0.826234 -0.826092 0.563493 -0.566348
3.75 -0.820559 -0.820416 0.571639 -0.57458
3.76 -0.814803 -0.814659 0.579727 -0.582756
3.77 -0.808965 -0.808822 0.587758 -0.590873
3.78 -0.803046 -0.802904 0.595731 -0.598932
3.79 -0.797047 -0.796907 0.603646 -0.606931
3.8 -0.790968 -0.790832 0.611503 -0.61487
3.81 -0.78481 -0.784677 0.619303 -0.622748
3.82 -0.778573 -0.778446 0.627045 -0.630563
3.83 -0.772259 -0.772137 0.634729 -0.638316
3.84 -0.765867 -0.765751 0.642355 -0.646006
3.85 -0.759399 -0.75929 0.649924 -0.653631
3.86 -0.752855 -0.752753 0.657435 -0.661191
3.87 -0.746236 -0.746141 0.664888 -0.668686
3.88 -0.739542 -0.739455 0.672284 -0.676114
3.89 -0.732774 -0.732696 0.679622 -0.683475
3.9 -0.725932 -0.725863 0.686902 -0.690768
3.91 -0.719018 -0.718958 0.694124 -0.697992
3.92 -0.712033 -0.711981 0.701289 -0.705146
3.93 -0.704976 -0.704932 0.708396 -0.712231
3.94 -0.697848 -0.697813 0.715445 -0.719245
3.95 -0.690651 -0.690624 0.722436 -0.726187
3.96 -0.683385 -0.683365 0.72937 -0.733057
3.97 -0.67605 -0.676037 0.736246 -0.739854
3.98 -0.668648 -0.66864 0.743064 -0.746578
3.99 -0.661179 -0.661175 0.749825 -0.753227
4 -0.653644 -0.653644 0.756528 -0.759801
4.01 -0.646043 -0.646045 0.763156 -0.766299
4.02 -0.638378 -0.638381 0.769695 -0.772722
4.03 -0.630649 -0.630652 0.776143 -0.779067
4.04 -0.622857 -0.622858 0.7825 -0.785334
4.05 -0.615002 -0.615002 0.788767 -0.791524
4.06 -0.607087 -0.607083 0.794944 -0.797634
4.07 -0.59911 -0.599103 0.80103 -0.803665
4.08 -0.591073 -0.591063 0.807025 -0.809616
4.09 -0.582978 -0.582963 0.812931 -0.815486
4.1 -0.574824 -0.574805 0.818746 -0.821275
4.11 -0.566613 -0.566588 0.82447 -0.826982
4.12 -0.558345 -0.558316 0.830104 -0.832607
4.13 -0.550021 -0.549987 0.835647 -0.838148
4.14 -0.541642 -0.541603 0.841101 -0.843606
4.15 -0.533209 -0.533165 0.846463 -0.84898
4.16 -0.524722 -0.524674 0.851735 -0.854269
4.17 -0.516184 -0.516131 0.856917 -0.859473
4.18 -0.507593 -0.507536 0.862009 -0.864592
4.19 -0.498952 -0.498891 0.86701 -0.869624
4.2 -0.490261 -0.490196 0.87192 -0.874569
4.21 -0.481521 -0.481453 0.87674 -0.879428
4.22 -0.472732 -0.472661 0.88147 -0.884198
4.23 -0.463897 -0.463823 0.886109 -0.888881
4.24 -0.455015 -0.45494 0.890658 -0.893475
4.25 -0.446087 -0.446011 0.895116 -0.897979
4.26 -0.437115 -0.437038 0.899484 -0.902395
4.27 -0.4281 -0.428021 0.903761 -0.90672
4.28 -0.419041 -0.418963 0.907948 -0.910955
4.29 -0.409941 -0.409863 0.912045 -0.915099
4.3 -0.400799 -0.400722 0.916051 -0.919152
4.31 -0.391618 -0.391542 0.919967 -0.923113
4.32 -0.382397 -0.382323 0.923792 -0.926983
4.33 -0.373138 -0.373066 0.927527 -0.93076
4.34 -0.363842 -0.363773 0.931171 -0.934444
4.35 -0.354509 -0.354443 0.934725 -0.938035
4.36 -0.345141 -0.345079 0.938189 -0.941533
4.37 -0.335738 -0.33568 0.941562 -0.944937
4.38 -0.326302 -0.326248 0.944844 -0.948246
4.39 -0.316833 -0.316783 0.948037 -0.951461
4.4 -0.307333 -0.307287 0.951138 -0.954582
4.41 -0.297802 -0.297761 0.95415 -0.957607
4.42 -0.288241 -0.288205 0.957071 -0.960537
4.43 -0.278651 -0.27862 0.959901 -0.963371
4.44 -0.269033 -0.269007 0.962641 -0.966109
4.45 -0.259389 -0.259367 0.965291 -0.968751
4.46 -0.249718 -0.249701 0.96785 -0.971297
4.47 -0.240022 -0.24001 0.970319 -0.973745
4.48 -0.230303 -0.230295 0.972697 -0.976097
4.49 -0.22056 -0.220557 0.974985 -0.978351
4.5 -0.210796 -0.210796 0.977182 -0.980508
4.51 -0.20101 -0.201013 0.979284 -0.982567
4.52 -0.191204 -0.19121 0.981285 -0.984528
4.53 -0.181379 -0.181388 0.983185 -0.986391
4.54 -0.171536 -0.171547 0.984984 -0.988156
4.55 -0.161676 -0.161689 0.986681 -0.989822
4.56 -0.1518 -0.151814 0.988278 -0.991389
4.57 -0.141908 -0.141923 0.989774 -0.992858
4.58 -0.132003 -0.132019 0.991169 -0.994228
4.59 -0.122084 -0.1221 0.992463 -0.995498
4.6 -0.112153 -0.11217 0.993656 -0.99667
4.61 -0.10221 -0.102228 0.994748 -0.997742
4.62 -0.0922576 -0.0922751 0.995739 -0.998714
4.63 -0.0822958 -0.0823132 0.996629 -0.999587
4.64 -0.0723258 -0.0723429 0.997418 -1.00036
4.65 -0.0623485 -0.0623652 0.998106 -1.00103
4.66 -0.052365 -0.0523811 0.998693 -1.00161
4.67 -0.0423763 -0.0423916 0.99918 -1.00208
4.68 -0.0323833 -0.0323978 0.999565 -1.00246
4.69 -0.0223871 -0.0224007 0.999849 -1.00273
4.7 -0.0123887 -0.0124012 1.00003 -1.0029
4.71 -0.00238898 -0.00240035 1.00011 -1.00298
4.72 0.00761095 0.00760079 1.0001 -1.00295
4.73 0.0176101 0.0176012 0.999976 -1.00283
4.74 0.0276075 0.0276 0.999756 -1.0026
4.75 0.0376022 0.037596 0.999434 -1.00227
4.76 0.047593 0.0475883 0.999011 -1.00185
4.77 0.0575792 0.0575759 0.998488 -1.00132
4.78 0.0675595 0.0675577 0.997863 -1.0007
4.79 0.0775331 0.0775328 0.997138 -0.999971
4.8 0.087499 0.0875002 0.996311 -0.999146
4.81 0.0974561 0.0974587 0.995384 -0.998221
4.82 0.107403 0.107407 0.994355 -0.997196
4.83 0.11734 0.117345 0.993226 -0.996073
4.84 0.127265 0.127272 0.991996 -0.994849
4.85 0.137177 0.137185 0.990664 -0.993527
4.86 0.147076 0.147085 0.989232 -0.992106
4.87 0.156959 0.156969 0.987699 -0.990586
4.88 0.166827 0.166838 0.986064 -0.988967
4.89 0.176679 0.17669 0.984329 -0.987249
4.9 0.186512 0.186525 0.982493 -0.985433
4.91 0.196327 0.19634 0.980556 -0.983518
4.92 0.206123 0.206135 0.978518 -0.981506
4.93 0.215898 0.21591 0.976379 -0.979396
4.94 0.225651 0.225663 0.974138 -0.977188
4.95 0.235381 0.235392 0.971797 -0.974883
4.96 0.245089 0.245098 0.969355 -0.97248
4.97 0.254771 0.254779 0.966812 -0.969981
4.98 0.264428 0.264434 0.964168 -0.967385
4.99 0.274059 0.274062 0.961423 -0.964692
5 0.283662 0.283662 0.958577 -0.961903
5.01 0.293237 0.293233 0.955638 -0.959019
5.02 0.302783 0.302775 0.952611 -0.956039
5.03 0.312298 0.312285 0.949498 -0.952964
5.04 0.321782 0.321764 0.946298 -0.949793
5.05 0.331234 0.331211 0.943011 -0.946528
5.06 0.340653 0.340624 0.939637 -0.943169
5.07 0.350037 0.350003 0.936177 -0.939716
5.08 0.359387 0.359347 0.93263 -0.936169
5.09 0.368701 0.368656 0.928996 -0.932529
5.1 0.377978 0.377927 0.925275 -0.928796
5.11 0.387217 0.387161 0.921468 -0.924971
5.12 0.396417 0.396356 0.917573 -0.921053
5.13 0.405578 0.405512 0.913592 -0.917044
5.14 0.414698 0.414628 0.909525 -0.912943
5.15 0.423777 0.423702 0.90537 -0.908751
5.16 0.432813 0.432735 0.901129 -0.904469
5.17 0.441806 0.441725 0.896801 -0.900097
5.18 0.450755 0.450671 0.892386 -0.895635
5.19 0.459659 0.459572 0.887884 -0.891084
5.2 0.468517 0.468428 0.883296 -0.886444
5.21 0.477328 0.477238 0.878621 -0.881715
5.22 0.486091 0.486 0.873859 -0.876899
5.23 0.494806 0.494715 0.869011 -0.871995
5.24 0.503471 0.50338 0.864075 -0.867005
5.25 0.512085 0.511996 0.859053 -0.861928
5.26 0.520649 0.520561 0.853944 -0.856765
5.27 0.529161 0.529074 0.848749 -0.851517
5.28 0.537619 0.537535 0.843466 -0.846184
5.29 0.546024 0.545943 0.838097 -0.840766
5.3 0.554374 0.554297 0.832641 -0.835265
5.31 0.562669 0.562596 0.827098 -0.829681
5.32 0.570908 0.570839 0.821469 -0.824013
5.33 0.579089 0.579025 0.815752 -0.818264
5.34 0.587213 0.587154 0.809949 -0.812433
5.35 0.595278 0.595224 0.80406 -0.806521
5.36 0.603283 0.603234 0.798083 -0.800529
5.37 0.611228 0.611185 0.79202 -0.794457
5.38 0.619112 0.619075 0.78587 -0.788305
5.39 0.626934 0.626902 0.779633 -0.782075
5.4 0.634693 0.634667 0.773309 -0.775767
5.41 0.642389 0.642368 0.766899 -0.769382
5.42 0.65002 0.650005 0.760402 -0.76292
5.43 0.657587 0.657576 0.753818 -0.756382
5.44 0.665088 0.665081 0.747147 -0.749769
5.45 0.672522 0.672518 0.74039 -0.743081
5.46 0.679889 0.679888 0.733546 -0.736319
5.47 0.687188 0.687189 0.726615 -0.729483
5.48 0.694418 0.69442 0.719597 -0.722575
5.49 0.701579 0.701581 0.712493 -0.715595
5.5 0.70867 0.70867 0.705301 -0.708544
5.51 0.71569 0.715687 0.698041 -0.701422
5.52 0.722638 0.72263 0.690729 -0.69423
5.53 0.729514 0.729501 0.683366 -0.68697
5.54 0.736317 0.736298 0.675951 -0.679641
5.55 0.743046 0.74302 0.668485 -0.672244
5.56 0.749702 0.749667 0.660968 -0.664781
5.57 0.756282 0.756239 0.653399 -0.657251
5.58 0.762786 0.762735 0.645778 -0.649656
5.59 0.769215 0.769154 0.638106 -0.641996
5.6 0.775566 0.775497 0.630383 -0.634273
5.61 0.78184 0.781762 0.622608 -0.626487
5.62 0.788035 0.787949 0.614782 -0.618638
5.63 0.794152 0.794057 0.606904 -0.610728
5.64 0.800189 0.800087 0.598975 -0.602757
5.65 0.806147 0.806037 0.590995 -0.594727
5.66 0.812024 0.811906 0.582963 -0.586637
5.67 0.817819 0.817696 0.574879 -0.578489
5.68 0.823533 0.823404 0.566744 -0.570283
5.69 0.829164 0.82903 0.558558 -0.562021
5.7 0.834713 0.834575 0.55032 -0.553703
5.71 0.840178 0.840037 0.542031 -0.54533
5.72 0.845559 0.845415 0.53369 -0.536902
5.73 0.850855 0.85071 0.525298 -0.528422
5.74 0.856067 0.855921 0.516855 -0.519888
5.75 0.861192 0.861047 0.50836 -0.511304
5.76 0.866232 0.866088 0.499813 -0.502668
5.77 0.871185 0.871043 0.491215 -0.493982
5.78 0.876051 0.875912 0.482566 -0.485247
5.79 0.880829 0.880694 0.473865 -0.476464
5.8 0.88552 0.885389 0.465113 -0.467634
5.81 0.890121 0.889997 0.456309 -0.458757
5.82 0.894634 0.894515 0.447454 -0.449834
5.83 0.899057 0.898946 0.438548 -0.440867
5.84 0.90339 0.903286 0.42959 -0.431855
5.85 0.907633 0.907537 0.42058 -0.422801
5.86 0.911785 0.911698 0.41152 -0.413705
5.87 0.915846 0.915767 0.402407 -0.404568
5.88 0.919816 0.919746 0.393244 -0.39539
5.89 0.923693 0.923632 0.384028 -0.386173
5.9 0.927478 0.927426 0.374762 -0.376918
5.91 0.931171 0.931127 0.365444 -0.367625
5.92 0.93477 0.934735 0.356074 -0.358295
5.93 0.938276 0.938248 0.346653 -0.34893
5.94 0.941688 0.941668 0.337181 -0.339531
5.95 0.945005 0.944992 0.327657 -0.330097
5.96 0.948229 0.948221 0.318081 -0.320631
5.97 0.951357 0.951353 0.308455 -0.311133
5.98 0.95439 0.95439 0.298777 -0.301604
5.99 0.957328 0.957329 0.289047 -0.292046
6 0.96017 0.96017 0.279266 -0.282458
6.01 0.962916 0.962914 0.269458 -0.272843
6.02 0.965566 0.965559 0.259646 -0.2632
6.03 0.968119 0.968107 0.249832 -0.253532
6.04 0.970576 0.970556 0.240014 -0.243838
6.05 0.972935 0.972907 0.230194 -0.234121
6.06 0.975197 0.97516 0.220371 -0.224381
6.07 0.977362 0.977314 0.210544 -0.214618
6.08 0.979429 0.979371 0.200715 -0.204835
6.09 0.981398 0.981329 0.190882 -0.195031
6.1 0.983268 0.983188 0.181046 -0.185208
6.11 0.985041 0.98495 0.171208 -0.175368
6.12 0.986715 0.986613 0.161366 -0.16551
6.13 0.98829 0.988177 0.151522 -0.155636
6.14 0.989766 0.989643 0.141674 -0.145747
6.15 0.991144 0.99101 0.131823 -0.135843
6.16 0.992422 0.992279 0.12197 -0.125927
6.17 0.993601 0.99345 0.112113 -0.115998
6.18 0.994681 0.994522 0.102253 -0.106058
6.19 0.995661 0.995495 0.0923903 -0.0961078
6.2 0.996542 0.996369 0.0825245 -0.0861484
6.21 0.997323 0.997145 0.0726556 -0.0761807
6.22 0.998004 0.997823 0.0627837 -0.0662058
6.23 0.998586 0.998401 0.0529088 -0.0562246
6.24 0.999068 0.998881 0.0430309 -0.0462381
6.25 0.999449 0.999262 0.03315 -0.0362473
6.26 0.999731 0.999544 0.023266 -0.0262532
6.27 0.999913 0.999727 0.013379 -0.0162568
6.28 0.999995 0.999811 0.00348893 -0.006259
6.29 0.999977 0.999797 -0.00640413 0.00373912
6.3 0.999859 0.999683 -0.0163002 0.0137366
6.31 0.999641 0.999471 -0.0261993 0.0237325
6.32 0.999322 0.999159 -0.0361015 0.0337257
6.33 0.998904 0.998749 -0.0460066 0.0437153
6.34 0.998386 0.998239 -0.0559148 0.0537003
6.35 0.997769 0.99763 -0.0658261 0.0636798
6.36 0.997051 0.996923 -0.0757403 0.0736526
6.37 0.996234 0.996116 -0.0856576 0.0836179
6.38 0.995317 0.995209 -0.0955779 0.0935746
6.39 0.994301 0.994204 -0.105501 0.103522
6.4 0.993185 0.993099 -0.115428 0.113458
6.41 0.99197 0.991895 -0.125357 0.123383
6.42 0.990655 0.990592 -0.135289 0.133296
6.43 0.989242 0.98919 -0.145225 0.143195
6.44 0.98773 0.987688 -0.155163 0.153079
6.45 0.986119 0.986086 -0.165105 0.162948
6.46 0.984409 0.984386 -0.175049 0.172801
6.47 0.982601 0.982585 -0.184997 0.182636
6.48 0.980694 0.980686 -0.194947 0.192452
6.49 0.97869 0.978686 -0.204901 0.202249
6.5 0.976588 0.976588 -0.214858 0.212026
6.51 0.974388 0.974389 -0.224794 0.221781
6.52 0.97209 0.972092 -0.234685 0.231513
6.53 0.969696 0.969696 -0.244533 0.241222
6.54 0.967204 0.967201 -0.254336 0.250907
6.55 0.964616 0.964609 -0.264095 0.260566
6.56 0.961931 0.96192 -0.27381 0.270198
6.57 0.95915 0.959133 -0.28348 0.279804
6.58 0.956273 0.95625 -0.293106 0.289381
6.59 0.9533 0.953271 -0.302688 0.298928
6.6 0.950233 0.950197 -0.312226 0.308446
6.61 0.94707 0.947027 -0.32172 0.317932
6.62 0.943812 0.943762 -0.331169 0.327386
6.63 0.94046 0.940404 -0.340574 0.336807
6.64 0.937014 0.936951 -0.349934 0.346194
6.65 0.933474 0.933405 -0.359251 0.355546
6.66 0.929841 0.929766 -0.368523 0.364862
6.67 0.926115 0.926035 -0.377751 0.374141
6.68 0.922297 0.922211 -0.386934 0.383382
6.69 0.918386 0.918296 -0.396074 0.392585
6.7 0.914383 0.91429 -0.405169 0.401748
6.71 0.910289 0.910193 -0.41422 0.41087
6.72 0.906104 0.906006 -0.423226 0.419951
6.73 0.901828 0.901729 -0.432189 0.42899
6.74 0.897462 0.897362 -0.441107 0.437986
6.75 0.893006 0.892907 -0.449981 0.446937
6.76 0.888461 0.888363 -0.45881 0.455843
6.77 0.883827 0.883731 -0.467596 0.464704
6.78 0.879105 0.879011 -0.476337 0.473518
6.79 0.874295 0.874204 -0.485034 0.482284
6.8 0.869397 0.86931 -0.493686 0.491001
6.81 0.864413 0.86433 -0.502295 0.49967
6.82 0.859342 0.859265 -0.510859 0.508288
6.83 0.854185 0.854113 -0.519378 0.516855
6.84 0.848943 0.848877 -0.527854 0.52537
6.85 0.843616 0.843556 -0.536285 0.533832
6.86 0.838204 0.838152 -0.544672 0.542241
6.87 0.832709 0.832663 -0.553015 0.550595
6.88 0.82713 0.827091 -0.561314 0.558894
6.89 0.821469 0.821437 -0.569568 0.567136
6.9 0.815725 0.8157 -0.577778 0.575322
6.91 0.8099 0.809882 -0.585944 0.58345
6.92 0.803994 0.803981 -0.594065 0.591519
6.93 0.798007 0.798 -0.602142 0.599529
6.94 0.791941 0.791939 -0.610175 0.607479
6.95 0.785796 0.785797 -0.618164 0.615368
6.96 0.779572 0.779576 -0.626108 0.623195
6.97 0.77327 0.773275 -0.634009 0.630959
6.98 0.76689 0.766896 -0.641865 0.63866
6.99 0.760434 0.760438 -0.649676 0.646297
7 0.753902 0.753902 -0.657444 0.653869
7.01 0.747295 0.747289 -0.665145 0.661375
7.02 0.740613 0.7406 -0.672759 0.668814
7.03 0.733856 0.733834 -0.680285 0.676186
7.04 0.727027 0.726994 -0.687723 0.683491
7.05 0.720124 0.72008 -0.695074 0.690726
7.06 0.71315 0.713093 -0.702337 0.697892
7.07 0.706104 0.706034 -0.709512 0.704988
7.08 0.698988 0.698903 -0.7166 0.712012
7.09 0.691802 0.691702 -0.7236 0.718965
7.1 0.684547 0.684431 -0.730512 0.725846
7.11 0.677223 0.677092 -0.737336 0.732654
7.12 0.669831 0.669685 -0.744073 0.739388
7.13 0.662373 0.662211 -0.750722 0.746047
7.14 0.654848 0.654671 -0.757283 0.752632
7.15 0.647258 0.647066 -0.763757 0.75914
7.16 0.639603 0.639396 -0.770143 0.765573
7.17 0.631884 0.631663 -0.776441 0.771928
7.18 0.624102 0.623867 -0.782652 0.778206
7.19 0.616257 0.61601 -0.788774 0.784405
7.2 0.608351 0.608092 -0.79481 0.790526
7.21 0.600384 0.600114 -0.800757 0.796567
7.22 0.592357 0.592077 -0.806617 0.802528
7.23 0.584271 0.583982 -0.812389 0.808408
7.24 0.576126 0.57583 -0.818073 0.814207
7.25 0.567924 0.567621 -0.82367 0.819925
7.26 0.559665 0.559357 -0.829178 0.82556
7.27 0.55135 0.551038 -0.8346 0.831112
7.28 0.54298 0.542665 -0.839933 0.83658
7.29 0.534555 0.534239 -0.845179 0.841965
7.3 0.526078 0.525762 -0.850337 0.847265
7.31 0.517547 0.517233 -0.855407 0.85248
7.32 0.508965 0.508654 -0.86039 0.857609
7.33 0.500332 0.500026 -0.865285 0.862653
7.34 0.491648 0.491349 -0.870092 0.86761
7.35 0.482916 0.482624 -0.874812 0.87248
7.36 0.474135 0.473853 -0.879444 0.877262
7.37 0.465307 0.465035 -0.883988 0.881957
7.38 0.456433 0.456173 -0.888444 0.886563
7.39 0.447512 0.447267 -0.892813 0.89108
7.4 0.438547 0.438317 -0.897094 0.895508
7.41 0.429538 0.429325 -0.901288 0.899846
7.42 0.420487 0.420292 -0.905393 0.904094
7.43 0.411393 0.411218 -0.909411 0.908252
7.44 0.402258 0.402104 -0.913342 0.912318
7.45 0.393083 0.392951 -0.917184 0.916294
7.46 0.383868 0.38376 -0.920939 0.920177
7.47 0.374615 0.374533 -0.924606 0.923969
7.48 0.365325 0.365269 -0.928186 0.927668
7.49 0.355998 0.355969 -0.931677 0.931274
7.5 0.346635 0.346635 -0.935081 0.934787
7.51 0.337238 0.337268 -0.9384 0.938207
7.52 0.327807 0.327868 -0.941635 0.941532
7.53 0.318344 0.318435 -0.944786 0.944764
7.54 0.308848 0.308972 -0.947854 0.947901
7.55 0.299322 0.299479 -0.950838 0.950943
7.56 0.289765 0.289956 -0.953738 0.95389
7.57 0.28018 0.280404 -0.956556 0.956742
7.58 0.270567 0.270825 -0.959289 0.959498
7.59 0.260926 0.261219 -0.961939 0.962159
7.6 0.25126 0.251586 -0.964505 0.964723
7.61 0.241568 0.241929 -0.966988 0.96719
7.62 0.231852 0.232247 -0.969388 0.969561
7.63 0.222114 0.222541 -0.971703 0.971835
7.64 0.212352 0.212813 -0.973935 0.974012
7.65 0.20257 0.203063 -0.976084 0.976091
7.66 0.192767 0.193292 -0.978149 0.978073
7.67 0.182945 0.1835 -0.980131 0.979957
7.68 0.173105 0.173689 -0.982029 0.981743
7.69 0.163248 0.16386 -0.983843 0.983431
7.7 0.153374 0.154013 -0.985574 0.98502
7.71 0.143485 0.144149 -0.987221 0.986511
7.72 0.133581 0.134269 -0.988785 0.987903
7.73 0.123664 0.124373 -0.990265 0.989196
7.74 0.113735 0.114464 -0.991662 0.990391
7.75 0.103794 0.10454 -0.992975 0.991486
7.76 0.0938433 0.0946044 -0.994204 0.992481
7.77 0.0838829 0.0846565 -0.99535 0.993378
7.78 0.0739142 0.0746977 -0.996412 0.994174
7.79 0.063938 0.0647286 -0.997391 0.994872
7.8 0.0539554 0.0547501 -0.998286 0.995469
7.81 0.0439675 0.0447631 -0.999098 0.995967
7.82 0.0339751 0.0347684 -0.999826 0.996364
7.83 0.0239793 0.0247669 -1.00047 0.996662
7.84 0.0139812 0.0147593 -1.00103 0.996859
7.85 0.00398162 0.00474652 -1.00151 0.996957
7.86 -0.00601833 -0.00527061 -1.0019 0.996954
7.87 -0.0160177 -0.0152913 -1.00221 0.996852
7.88 -0.0260154 -0.0253146 -1.00244 0.996649
7.89 -0.0360106 -0.0353398 -1.00258 0.996345
7.9 -0.0460021 -0.045366 -1.00264 0.995942
7.91 -0.0559891 -0.0553924 -1.00262 0.995438
7.92 -0.0659704 -0.0654181 -1.00251 0.994834
7.93 -0.0759452 -0.0754423 -1.00232 0.99413
7.94 -0.0859123 -0.0854643 -1.00205 0.993325
7.95 -0.0958709 -0.095483 -1.00169 0.99242
7.96 -0.10582 -0.105498 -1.00125 0.991415
7.97 -0.115758 -0.115508 -1.00072 0.99031
7.98 -0.125685 -0.125512 -1.00011 0.989105
7.99 -0.135599 -0.13551 -0.999421 0.9878
8 -0.1455 -0.1455 -0.998645 0.986395
8.01 -0.155386 -0.155482 -0.997749 0.98489
8.02 -0.165257 -0.165454 -0.996696 0.983286
8.03 -0.175111 -0.175416 -0.995488 0.981581
8.04 -0.184947 -0.185364 -0.994123 0.979777
8.05 -0.194765 -0.195297 -0.992601 0.977874
8.06 -0.204564 -0.205215 -0.990923 0.975871
8.07 -0.214342 -0.215115 -0.989089 0.97377
8.08 -0.224099 -0.224996 -0.987098 0.971569
8.09 -0.233833 -0.234857 -0.98495 0.96927
8.1 -0.243544 -0.244695 -0.982647 0.966872
8.11 -0.253231 -0.254509 -0.980186 0.964376
8.12 -0.262892 -0.264298 -0.97757 0.961782
8.13 -0.272527 -0.27406 -0.974797 0.95909
8.14 -0.282135 -0.283794 -0.971867 0.956301
8.15 -0.291714 -0.293497 -0.968781 0.953414
8.16 -0.301264 -0.303169 -0.965539 0.950431
8.17 -0.310785 -0.312807 -0.96214 0.947351
8.18 -0.320274 -0.322411 -0.958585 0.944175
8.19 -0.329731 -0.331978 -0.954873 0.940903
8.2 -0.339155 -0.341508 -0.951005 0.937536
8.21 -0.348545 -0.350998 -0.946981 0.934073
8.22 -0.3579 -0.360447 -0.9428 0.930516
8.23 -0.36722 -0.369853 -0.938463 0.926864
8.24 -0.376503 -0.379216 -0.933969 0.923119
8.25 -0.385748 -0.388532 -0.929319 0.91928
8.26 -0.394955 -0.397802 -0.924512 0.915348
8.27 -0.404122 -0.407022 -0.919549 0.911324
8.28 -0.413248 -0.416192 -0.914429 0.907208
8.29 -0.422334 -0.42531 -0.909153 0.903
8.3 -0.431377 -0.434375 -0.903721 0.898702
8.31 -0.440377 -0.443384 -0.898132 0.894313
8.32 -0.449333 -0.452337 -0.892387 0.889835
8.33 -0.458244 -0.461231 -0.886485 0.885267
8.34 -0.467109 -0.470066 -0.880427 0.88061
8.35 -0.475928 -0.478839 -0.874213 0.875866
8.36 -0.484698 -0.48755 -0.867842 0.871034
8.37 -0.493421 -0.496196 -0.861314 0.866115
8.38 -0.502094 -0.504775 -0.854631 0.86111
8.39 -0.510717 -0.513288 -0.84779 0.856019
8.4 -0.519289 -0.521731 -0.840794 0.850844
8.41 -0.527809 -0.530103 -0.833641 0.845585
8.42 -0.536276 -0.538403 -0.826331 0.840242
8.43 -0.544689 -0.546629 -0.818865 0.834817
8.44 -0.553048 -0.55478 -0.811243 0.82931
8.45 -0.561352 -0.562853 -0.803464 0.823722
8.46 -0.569599 -0.570849 -0.795529 0.818053
8.47 -0.57779 -0.578763 -0.787437 0.812305
8.48 -0.585923 -0.586597 -0.779189 0.806478
8.49 -0.593997 -0.594347 -0.770784 0.800574
8.5 -0.602012 -0.602012 -0.762223 0.794592
8.51 -0.609967 -0.609591 -0.753671 0.788534
8.52 -0.61786 -0.617086 -0.74529 0.7824
8.53 -0.625692 -0.624498 -0.737083 0.776192
8.54 -0.633461 -0.631828 -0.729049 0.76991
8.55 -0.641167 -0.639079 -0.721187 0.763556
8.56 -0.648809 -0.646252 -0.713498 0.757129
8.57 -0.656386 -0.65335 -0.705982 0.750631
8.58 -0.663897 -0.660373 -0.698639 0.744062
8.59 -0.671342 -0.667323 -0.691468 0.737424
8.6 -0.67872 -0.674203 -0.684471 0.730716
8.61 -0.68603 -0.681013 -0.677646 0.72394
8.62 -0.693271 -0.687756 -0.670993 0.717096
8.63 -0.700443 -0.694433 -0.664514 0.710185
8.64 -0.707545 -0.701047 -0.658207 0.703208
8.65 -0.714576 -0.707598 -0.652074 0.696164
8.66 -0.721536 -0.714089 -0.646113 0.689056
8.67 -0.728424 -0.720521 -0.640324 0.681883
8.68 -0.735238 -0.726896 -0.634709 0.674646
8.69 -0.74198 -0.733216 -0.629266 0.667345
8.7 -0.748647 -0.739482 -0.623996 0.659982
8.71 -0.755239 -0.745696 -0.618899 0.652556
8.72 -0.761755 -0.751861 -0.613975 0.645068
8.73 -0.768196 -0.757976 -0.609223 0.637519
8.74 -0.77456 -0.764046 -0.604644 0.629908
8.75 -0.780846 -0.77007 -0.600238 0.622238
8.76 -0.787054 -0.776051 -0.596005 0.614507
8.77 -0.793183 -0.781991 -0.591945 0.606717
8.78 -0.799233 -0.78789 -0.588057 0.598867
8.79 -0.805203 -0.793752 -0.584342 0.590959
8.8 -0.811093 -0.799578 -0.5808 0.582993
8.81 -0.816902 -0.805369 -0.577431 0.574968
8.82 -0.822628 -0.811127 -0.574234 0.566885
8.83 -0.828273 -0.816854 -0.571211 0.558745
8.84 -0.833835 -0.822552 -0.56836 0.550548
8.85 -0.839313 -0.828222 -0.565682 0.542294
8.86 -0.844707 -0.833866 -0.563176 0.533984
8.87 -0.850017 -0.839486 -0.560844 0.525617
8.88 -0.855242 -0.845083 -0.558684 0.517194
8.89 -0.860382 -0.85066 -0.556697 0.508716
8.9 -0.865435 -0.856218 -0.554883 0.500181
8.91 -0.870402 -0.861758 -0.553241 0.491591
8.92 -0.875282 -0.867283 -0.551773 0.482946
8.93 -0.880074 -0.872794 -0.550477 0.474246
8.94 -0.884778 -0.878293 -0.549354 0.46549
8.95 -0.889394 -0.883782 -0.548403 0.45668
8.96 -0.893921 -0.889262 -0.547626 0.447815
8.97 -0.898359 -0.894735 -0.547021 0.438895
8.98 -0.902706 -0.900203 -0.546589 0.42992
8.99 -0.906964 -0.905668 -0.54633 0.420891
9 -0.91113 -0.91113 -0.546243 0.411807
