101 0.00700057
101.2 0.00712269
101.4 0.00724803
101.6 0.0073767
101.8 0.00750884
102 0.00764455
102.2 0.00778398
102.4 0.00792726
102.6 0.00807453
102.8 0.00822594
103 0.00838165
103.2 0.00854183
103.4 0.00870664
103.6 0.00887626
103.8 0.00905089
104 0.00923072
104.2 0.00941597
104.4 0.00960685
104.6 0.00980359
104.8 0.0100064
105 0.0102156
105.2 0.0104315
105.4 0.0106542
105.6 0.0108842
105.8 0.0111217
106 0.011367
106.2 0.0116205
106.4 0.0118827
106.6 0.0121538
106.8 0.0124342
107 0.0127245
107.2 0.0130251
107.4 0.0133365
107.6 0.0136591
107.8 0.0139936
108 0.0143406
108.2 0.0147006
108.4 0.0150743
108.6 0.0154624
108.8 0.0158658
109 0.0162851
109.2 0.0167213
109.4 0.0171752
109.6 0.0176478
109.8 0.0181403
110 0.0186536
110.2 0.019189
110.4 0.0197478
110.6 0.0203314
110.8 0.0209412
111 0.0215789
111.2 0.0222461
111.4 0.0229447
111.6 0.0236768
111.8 0.0244445
112 0.0252501
112.2 0.0260961
112.4 0.0269854
112.6 0.0279209
112.8 0.0289059
113 0.029944
113.2 0.0310389
113.4 0.032195
113.6 0.0334169
113.8 0.0347097
114 0.0360788
114.2 0.0375306
114.4 0.0390718
114.6 0.0407098
114.8 0.042453
115 0.0443105
115.2 0.0462925
115.4 0.0484105
115.6 0.050677
115.8 0.0531065
116 0.0557148
116.2 0.0585199
116.4 0.0615421
116.6 0.0648043
116.8 0.0683327
117 0.072157
117.2 0.0763112
117.4 0.0808343
117.6 0.0857713
117.8 0.0911741
118 0.0971031
118.2 0.103629
118.4 0.110834
118.6 0.118817
118.8 0.127692
119 0.137598
119.2 0.1487
119.4 0.161198
119.6 0.175337
119.8 0.191415
120 0.209803
120.2 0.230963
120.4 0.255481
120.6 0.284102
120.8 0.317791
121 0.357812
121.2 0.405846
121.4 0.464166
121.6 0.535908
121.8 0.625483
122 0.739251
122.2 0.886635
122.4 1.08204
122.6 1.34828
122.8 1.72303
123 2.27147
123.2 3.11238
123.4 4.4736
123.6 6.80491
123.8 10.9224
124 17.4401
124.2 22.57
124.4 19.0632
124.6 12.2264
124.8 7.55823
125 4.90185
125.2 3.36829
125.4 2.43338
125.6 1.83084
125.8 1.42323
126 1.13605
126.2 0.926752
126.4 0.769814
126.6 0.649276
126.8 0.554779
127 0.479375
127.2 0.418277
127.4 0.3681
127.6 0.3264
127.8 0.291377
128 0.261682
128.2 0.236292
128.4 0.214415
128.6 0.195433
128.8 0.178858
129 0.164301
129.2 0.151448
129.4 0.140044
129.6 0.129878
129.8 0.120778
130 0.112601
130.2 0.105226
130.4 0.0985515
130.6 0.0924915
130.8 0.0869732
131 0.0819337
131.2 0.0773195
131.4 0.0730839
131.6 0.0691868
131.8 0.0655929
132 0.0622718
132.2 0.0591964
132.4 0.0563431
132.6 0.0536912
132.8 0.051222
133 0.0489192
133.2 0.0467682
133.4 0.0447559
133.6 0.0428706
133.8 0.0411019
134 0.0394405
134.2 0.0378777
134.4 0.0364059
134.6 0.0350182
134.8 0.0337084
135 0.0324706
135.2 0.0312998
135.4 0.0301912
135.6 0.0291404
135.8 0.0281435
136 0.0271968
136.2 0.0262972
136.4 0.0254414
136.6 0.0246267
136.8 0.0238505
137 0.0231104
137.2 0.0224043
137.4 0.02173
137.6 0.0210857
137.8 0.0204696
138 0.0198801
138.2 0.0193157
138.4 0.018775
138.6 0.0182567
138.8 0.0177595
139 0.0172824
139.2 0.0168243
139.4 0.0163841
139.6 0.015961
139.8 0.015554
140 0.0151624
140.2 0.0147854
140.4 0.0144223
140.6 0.0140725
140.8 0.0137351
141 0.0134098
141.2 0.0130959
141.4 0.0127929
141.6 0.0125003
141.8 0.0122176
142 0.0119443
142.2 0.0116802
142.4 0.0114247
142.6 0.0111775
142.8 0.0109382
143 0.0107066
143.2 0.0104822
143.4 0.0102648
143.6 0.0100541
143.8 0.00984979
144 0.00965166
144.2 0.00945946
144.4 0.00927293
144.6 0.00909187
144.8 0.00891606
145 0.0087453
145.2 0.0085794
145.4 0.00841817
145.6 0.00826144
145.8 0.00810906
146 0.00796084
146.2 0.00781666
146.4 0.00767636
146.6 0.0075398
146.8 0.00740685
147 0.00727738
147.2 0.00715128
147.4 0.00702843
147.6 0.00690872
147.8 0.00679204
148 0.00667829
148.2 0.00656738
148.4 0.0064592
148.6 0.00635368
148.8 0.00625072
149 0.00615024
149.2 0.00605217
149.4 0.00595642
149.6 0.00586293
149.8 0.00577162
150 0.00568243
150.2 0.00559529
150.4 0.00551013
150.6 0.00542691
150.8 0.00534556
151 0.00526602
151.2 0.00518825
151.4 0.00511218
151.6 0.00503778
151.8 0.00496499
152 0.00489376
152.2 0.00482406
152.4 0.00475584
152.6 0.00468905
152.8 0.00462366
153 0.00455962
153.2 0.00449691
153.4 0.00443549
153.6 0.00437531
153.8 0.00431635
154 0.00425857
154.2 0.00420195
154.4 0.00414644
154.6 0.00409203
154.8 0.00403869
155 0.00398638
155.2 0.00393508
155.4 0.00388476
155.6 0.0038354
155.8 0.00378698
156 0.00373947
156.2 0.00369284
156.4 0.00364709
156.6 0.00360218
156.8 0.00355809
157 0.00351481
157.2 0.00347231
157.4 0.00343058
157.6 0.00338959
157.8 0.00334934
158 0.0033098
158.2 0.00327095
158.4 0.00323279
158.6 0.00319529
158.8 0.00315844
159 0.00312222
