0.1 2.25271 2.25271
0.11 2.15324 2.15324
0.12 2.0622 2.0622
0.13 1.97827 1.97827
0.14 1.90042 1.90042
0.15 1.82781 1.82781
0.16 1.7598 1.7598
0.17 1.69583 1.69583
0.18 1.63546 1.63546
0.19 1.57831 1.57831
0.2 1.52406 1.52406
0.21 1.47245 1.47245
0.22 1.42322 1.42322
0.23 1.37619 1.37619
0.24 1.33118 1.33118
0.25 1.28802 1.28802
0.26 1.24659 1.24659
0.27 1.20675 1.20675
0.28 1.1684 1.1684
0.29 1.13145 1.13145
0.3 1.0958 1.0958
0.31 1.06137 1.06137
0.32 1.0281 1.0281
0.33 0.995917 0.995917
0.34 0.964762 0.964762
0.35 0.934581 0.934581
0.36 0.905325 0.905325
0.37 0.876947 0.876947
0.38 0.849405 0.849405
0.39 0.822661 0.822661
0.4 0.796678 0.796678
0.41 0.771422 0.771422
0.42 0.746864 0.746864
0.43 0.722973 0.722973
0.44 0.699722 0.699722
0.45 0.677087 0.677087
0.46 0.655044 0.655044
0.47 0.63357 0.63357
0.48 0.612645 0.612645
0.49 0.59225 0.59225
0.5 0.572365 0.572365
0.51 0.552974 0.552974
0.52 0.53406 0.53406
0.53 0.515608 0.515608
0.54 0.497603 0.497603
0.55 0.480031 0.480031
0.56 0.462879 0.462879
0.57 0.446135 0.446135
0.58 0.429787 0.429787
0.59 0.413824 0.413824
0.6 0.398234 0.398234
0.61 0.383008 0.383008
0.62 0.368136 0.368136
0.63 0.353608 0.353608
0.64 0.339417 0.339417
0.65 0.325552 0.325552
0.66 0.312007 0.312007
0.67 0.298773 0.298773
0.68 0.285843 0.285843
0.69 0.27321 0.27321
0.7 0.260867 0.260867
0.71 0.248808 0.248808
0.72 0.237025 0.237025
0.73 0.225514 0.225514
0.74 0.214268 0.214268
0.75 0.203281 0.203281
0.76 0.192549 0.192549
0.77 0.182065 0.182065
0.78 0.171826 0.171826
0.79 0.161825 0.161825
0.8 0.15206 0.15206
0.81 0.142524 0.142524
0.82 0.133214 0.133214
0.83 0.124125 0.124125
0.84 0.115253 0.115253
0.85 0.106595 0.106595
0.86 0.0981466 0.0981466
0.87 0.0899039 0.0899039
0.88 0.0818636 0.0818636
0.89 0.0740222 0.0740222
0.9 0.0663762 0.0663762
0.91 0.0589226 0.0589226
0.92 0.051658 0.051658
0.93 0.0445795 0.0445795
0.94 0.037684 0.037684
0.95 0.0309688 0.0309688
0.96 0.0244309 0.0244309
0.97 0.0180677 0.0180677
0.98 0.0118765 0.0118765
0.99 0.0058548 0.00585481
1 -1.09351e-08 -3.84503e-16
1.01 -0.00569032 -0.00569031
1.02 -0.0112185 -0.0112185
1.03 -0.0165869 -0.0165869
1.04 -0.0217977 -0.0217977
1.05 -0.0268531 -0.0268531
1.06 -0.0317553 -0.0317553
1.07 -0.0365063 -0.0365063
1.08 -0.0411082 -0.0411082
1.09 -0.0455629 -0.0455629
1.1 -0.0498725 -0.0498724
1.11 -0.0540386 -0.0540386
1.12 -0.0580633 -0.0580633
1.13 -0.0619483 -0.0619483
1.14 -0.0656954 -0.0656954
1.15 -0.0693062 -0.0693062
1.16 -0.0727825 -0.0727825
1.17 -0.0761258 -0.0761258
1.18 -0.0793378 -0.0793378
1.19 -0.0824201 -0.0824201
1.2 -0.0853741 -0.0853741
1.21 -0.0882014 -0.0882014
1.22 -0.0909034 -0.0909034
1.23 -0.0934815 -0.0934815
1.24 -0.0959372 -0.0959372
1.25 -0.0982718 -0.0982718
1.26 -0.100487 -0.100487
1.27 -0.102583 -0.102583
1.28 -0.104563 -0.104563
1.29 -0.106426 -0.106426
1.3 -0.108175 -0.108175
1.31 -0.10981 -0.10981
1.32 -0.111333 -0.111333
1.33 -0.112745 -0.112745
1.34 -0.114048 -0.114048
1.35 -0.115241 -0.115241
1.36 -0.116327 -0.116326
1.37 -0.117305 -0.117305
1.38 -0.118179 -0.118179
1.39 -0.118948 -0.118948
1.4 -0.119613 -0.119613
1.41 -0.120176 -0.120176
1.42 -0.120637 -0.120637
1.43 -0.120997 -0.120997
1.44 -0.121258 -0.121258
1.45 -0.121421 -0.121421
1.46 -0.121485 -0.121485
1.47 -0.121453 -0.121452
1.48 -0.121324 -0.121324
1.49 -0.1211 -0.1211
1.5 -0.120782 -0.120782
1.51 -0.120371 -0.120371
1.52 -0.119867 -0.119867
1.53 -0.119271 -0.119271
1.54 -0.118583 -0.118583
1.55 -0.117806 -0.117806
1.56 -0.116939 -0.116939
1.57 -0.115984 -0.115984
1.58 -0.11494 -0.11494
1.59 -0.113809 -0.113809
1.6 -0.112592 -0.112592
1.61 -0.111288 -0.111288
1.62 -0.1099 -0.1099
1.63 -0.108427 -0.108427
1.64 -0.106871 -0.106871
1.65 -0.105231 -0.105231
1.66 -0.103508 -0.103508
1.67 -0.101704 -0.101704
1.68 -0.0998192 -0.0998192
1.69 -0.0978534 -0.0978534
1.7 -0.0958077 -0.0958077
1.71 -0.0936827 -0.0936827
1.72 -0.0914789 -0.0914789
1.73 -0.089197 -0.089197
1.74 -0.0868376 -0.0868375
1.75 -0.0844011 -0.0844011
1.76 -0.0818883 -0.0818883
1.77 -0.0792996 -0.0792996
1.78 -0.0766356 -0.0766356
1.79 -0.0738969 -0.0738969
1.8 -0.0710839 -0.0710839
1.81 -0.0681972 -0.0681972
1.82 -0.0652374 -0.0652373
1.83 -0.0622048 -0.0622048
1.84 -0.0591002 -0.0591001
1.85 -0.0559238 -0.0559238
1.86 -0.0526763 -0.0526763
1.87 -0.0493581 -0.0493581
1.88 -0.0459698 -0.0459697
1.89 -0.0425116 -0.0425116
1.9 -0.0389843 -0.0389843
1.91 -0.0353881 -0.0353881
1.92 -0.0317236 -0.0317236
1.93 -0.0279912 -0.0279912
1.94 -0.0241914 -0.0241914
1.95 -0.0203245 -0.0203245
1.96 -0.0163911 -0.0163911
1.97 -0.0123915 -0.0123915
1.98 -0.00832616 -0.00832616
1.99 -0.00419554 -0.00419553
2 -1.09351e-08 5.63262e-16
2.01 0.00426001 0.00426002
2.02 0.00858413 0.00858414
2.03 0.0129719 0.0129719
2.04 0.0174231 0.0174231
2.05 0.0219371 0.0219371
2.06 0.0265136 0.0265137
2.07 0.0311524 0.0311524
2.08 0.0358529 0.0358529
2.09 0.0406148 0.0406148
2.1 0.0454377 0.0454377
2.11 0.0503214 0.0503214
2.12 0.0552653 0.0552654
2.13 0.0602693 0.0602693
2.14 0.0653329 0.0653329
2.15 0.0704557 0.0704557
2.16 0.0756375 0.0756375
2.17 0.0808779 0.0808779
2.18 0.0861766 0.0861766
2.19 0.0915332 0.0915332
2.2 0.0969475 0.0969475
2.21 0.102419 0.102419
2.22 0.107947 0.107947
2.23 0.113533 0.113533
2.24 0.119174 0.119174
2.25 0.124872 0.124872
2.26 0.130625 0.130625
2.27 0.136434 0.136434
2.28 0.142298 0.142298
2.29 0.148216 0.148216
2.3 0.154189 0.154189
2.31 0.160217 0.160217
2.32 0.166298 0.166298
2.33 0.172433 0.172434
2.34 0.178622 0.178622
2.35 0.184864 0.184864
2.36 0.191158 0.191158
2.37 0.197505 0.197505
2.38 0.203905 0.203905
2.39 0.210356 0.210356
2.4 0.216859 0.216859
2.41 0.223414 0.223414
2.42 0.23002 0.23002
2.43 0.236677 0.236677
2.44 0.243385 0.243385
2.45 0.250143 0.250143
2.46 0.256951 0.256951
2.47 0.26381 0.26381
2.48 0.270718 0.270718
2.49 0.277676 0.277676
2.5 0.284683 0.284683
2.51 0.291739 0.291739
2.52 0.298844 0.298844
2.53 0.305997 0.305997
2.54 0.313199 0.313199
2.55 0.320449 0.320449
2.56 0.327747 0.327747
2.57 0.335092 0.335092
2.58 0.342485 0.342485
2.59 0.349925 0.349925
2.6 0.357412 0.357412
2.61 0.364946 0.364946
2.62 0.372526 0.372526
2.63 0.380153 0.380153
2.64 0.387826 0.387826
2.65 0.395545 0.395545
2.66 0.403309 0.403309
2.67 0.411119 0.411119
2.68 0.418975 0.418975
2.69 0.426875 0.426875
2.7 0.434821 0.434821
2.71 0.442811 0.442811
2.72 0.450845 0.450845
2.73 0.458924 0.458924
2.74 0.467048 0.467048
2.75 0.475215 0.475215
2.76 0.483426 0.483426
2.77 0.49168 0.49168
2.78 0.499978 0.499978
2.79 0.508319 0.508319
2.8 0.516703 0.516703
2.81 0.52513 0.52513
2.82 0.533599 0.533599
2.83 0.542111 0.542111
2.84 0.550665 0.550665
2.85 0.559262 0.559262
2.86 0.5679 0.5679
2.87 0.57658 0.57658
2.88 0.585302 0.585302
2.89 0.594065 0.594065
2.9 0.60287 0.60287
2.91 0.611715 0.611715
2.92 0.620602 0.620602
2.93 0.629529 0.629529
2.94 0.638497 0.638497
2.95 0.647505 0.647505
2.96 0.656553 0.656553
2.97 0.665642 0.665642
2.98 0.674771 0.674771
2.99 0.683939 0.683939
3 0.693147 0.693147
3.01 0.702395 0.702395
3.02 0.711682 0.711682
3.03 0.721008 0.721008
3.04 0.730373 0.730373
3.05 0.739777 0.739777
3.06 0.74922 0.74922
3.07 0.758701 0.758701
3.08 0.768221 0.768221
3.09 0.777779 0.777779
3.1 0.787375 0.787375
3.11 0.797009 0.797009
3.12 0.806681 0.806681
3.13 0.816391 0.816391
3.14 0.826139 0.826139
3.15 0.835924 0.835924
3.16 0.845746 0.845746
3.17 0.855605 0.855605
3.18 0.865501 0.865501
3.19 0.875435 0.875435
3.2 0.885405 0.885405
3.21 0.895412 0.895412
3.22 0.905455 0.905455
3.23 0.915534 0.915534
3.24 0.92565 0.92565
3.25 0.935802 0.935802
3.26 0.94599 0.94599
3.27 0.956214 0.956214
3.28 0.966473 0.966473
3.29 0.976768 0.976768
3.3 0.987099 0.987099
3.31 0.997464 0.997464
3.32 1.00787 1.00787
3.33 1.0183 1.0183
3.34 1.02877 1.02877
3.35 1.03928 1.03928
3.36 1.04982 1.04982
3.37 1.0604 1.0604
3.38 1.07101 1.07101
3.39 1.08165 1.08165
3.4 1.09233 1.09233
3.41 1.10304 1.10304
3.42 1.11379 1.11379
3.43 1.12457 1.12457
3.44 1.13538 1.13538
3.45 1.14623 1.14623
3.46 1.15711 1.15711
3.47 1.16803 1.16803
3.48 1.17898 1.17898
3.49 1.18996 1.18996
3.5 1.20097 1.20097
3.51 1.21202 1.21202
3.52 1.2231 1.2231
3.53 1.23422 1.23422
3.54 1.24536 1.24536
3.55 1.25654 1.25654
3.56 1.26775 1.26775
3.57 1.279 1.279
3.58 1.29027 1.29027
3.59 1.30158 1.30158
3.6 1.31292 1.31292
3.61 1.3243 1.3243
3.62 1.3357 1.3357
3.63 1.34714 1.34714
3.64 1.3586 1.3586
3.65 1.3701 1.3701
3.66 1.38164 1.38164
3.67 1.3932 1.3932
3.68 1.40479 1.40479
3.69 1.41642 1.41642
3.7 1.42807 1.42807
3.71 1.43976 1.43976
3.72 1.45148 1.45148
3.73 1.46323 1.46323
3.74 1.47501 1.47501
3.75 1.48682 1.48682
3.76 1.49866 1.49866
3.77 1.51053 1.51053
3.78 1.52243 1.52243
3.79 1.53436 1.53436
3.8 1.54632 1.54632
3.81 1.55831 1.55831
3.82 1.57034 1.57034
3.83 1.58239 1.58239
3.84 1.59447 1.59447
3.85 1.60658 1.60658
3.86 1.61872 1.61872
3.87 1.63089 1.63089
3.88 1.64309 1.64309
3.89 1.65532 1.65532
3.9 1.66758 1.66758
3.91 1.67987 1.67987
3.92 1.69219 1.69219
3.93 1.70453 1.70453
3.94 1.71691 1.71691
3.95 1.72931 1.72931
3.96 1.74174 1.74174
3.97 1.7542 1.7542
3.98 1.76669 1.76669
3.99 1.77921 1.77921
4 1.79176 1.79176
4.01 1.80433 1.80433
4.02 1.81694 1.81694
4.03 1.82957 1.82957
4.04 1.84223 1.84223
4.05 1.85492 1.85492
4.06 1.86763 1.86763
4.07 1.88038 1.88038
4.08 1.89315 1.89315
4.09 1.90595 1.90595
4.1 1.91878 1.91878
4.11 1.93163 1.93163
4.12 1.94451 1.94451
4.13 1.95742 1.95742
4.14 1.97036 1.97036
4.15 1.98333 1.98333
4.16 1.99632 1.99632
4.17 2.00934 2.00934
4.18 2.02238 2.02238
4.19 2.03546 2.03546
4.2 2.04856 2.04856
4.21 2.06168 2.06168
4.22 2.07484 2.07484
4.23 2.08802 2.08802
4.24 2.10122 2.10122
4.25 2.11446 2.11446
4.26 2.12772 2.12772
4.27 2.141 2.141
4.28 2.15432 2.15432
4.29 2.16766 2.16766
4.3 2.18102 2.18102
4.31 2.19441 2.19441
4.32 2.20783 2.20783
4.33 2.22127 2.22127
4.34 2.23474 2.23474
4.35 2.24824 2.24824
4.36 2.26176 2.26176
4.37 2.27531 2.27531
4.38 2.28888 2.28888
4.39 2.30248 2.30248
4.4 2.3161 2.3161
4.41 2.32975 2.32975
4.42 2.34343 2.34343
4.43 2.35713 2.35713
4.44 2.37085 2.37085
4.45 2.38461 2.38461
4.46 2.39838 2.39838
4.47 2.41218 2.41218
4.48 2.42601 2.42601
4.49 2.43986 2.43986
4.5 2.45374 2.45374
4.51 2.46764 2.46764
4.52 2.48156 2.48156
4.53 2.49551 2.49551
4.54 2.50949 2.50949
4.55 2.52349 2.52349
4.56 2.53751 2.53751
4.57 2.55156 2.55156
4.58 2.56564 2.56564
4.59 2.57973 2.57973
4.6 2.59386 2.59386
4.61 2.608 2.608
4.62 2.62217 2.62217
4.63 2.63637 2.63637
4.64 2.65059 2.65059
4.65 2.66483 2.66483
4.66 2.6791 2.6791
4.67 2.69339 2.69339
4.68 2.7077 2.7077
4.69 2.72204 2.72204
4.7 2.73641 2.73641
4.71 2.75079 2.75079
4.72 2.7652 2.7652
4.73 2.77963 2.77963
4.74 2.79409 2.79409
4.75 2.80857 2.80857
4.76 2.82308 2.82308
4.77 2.8376 2.8376
4.78 2.85215 2.85215
4.79 2.86673 2.86673
4.8 2.88132 2.88132
4.81 2.89594 2.89594
4.82 2.91059 2.91059
4.83 2.92525 2.92525
4.84 2.93994 2.93994
4.85 2.95465 2.95465
4.86 2.96939 2.96939
4.87 2.98415 2.98415
4.88 2.99893 2.99893
4.89 3.01373 3.01373
4.9 3.02856 3.02856
4.91 3.04341 3.04341
4.92 3.05828 3.05828
4.93 3.07317 3.07317
4.94 3.08809 3.08809
4.95 3.10303 3.10303
4.96 3.11799 3.11799
4.97 3.13297 3.13297
4.98 3.14798 3.14798
4.99 3.163 3.163
5 3.17805 3.17805
5.01 3.19313 3.19313
5.02 3.20822 3.20822
5.03 3.22334 3.22334
5.04 3.23848 3.23848
5.05 3.25364 3.25364
5.06 3.26882 3.26882
5.07 3.28402 3.28402
5.08 3.29925 3.29925
5.09 3.31449 3.31449
5.1 3.32976 3.32976
5.11 3.34506 3.34506
5.12 3.36037 3.36037
5.13 3.3757 3.3757
5.14 3.39106 3.39106
5.15 3.40643 3.40643
5.16 3.42183 3.42183
5.17 3.43725 3.43725
5.18 3.45269 3.45269
5.19 3.46816 3.46816
5.2 3.48364 3.48364
5.21 3.49915 3.49915
5.22 3.51467 3.51467
5.23 3.53022 3.53022
5.24 3.54579 3.54579
5.25 3.56138 3.56138
5.26 3.57699 3.57699
5.27 3.59262 3.59262
5.28 3.60827 3.60827
5.29 3.62394 3.62394
5.3 3.63964 3.63964
5.31 3.65535 3.65535
5.32 3.67109 3.67109
5.33 3.68684 3.68684
5.34 3.70262 3.70262
5.35 3.71842 3.71842
5.36 3.73423 3.73423
5.37 3.75007 3.75007
5.38 3.76593 3.76593
5.39 3.78181 3.78181
5.4 3.79771 3.79771
5.41 3.81363 3.81363
5.42 3.82957 3.82957
5.43 3.84553 3.84553
5.44 3.86151 3.86151
5.45 3.87751 3.87751
5.46 3.89353 3.89353
5.47 3.90957 3.90957
5.48 3.92563 3.92563
5.49 3.94171 3.94171
5.5 3.95781 3.95781
5.51 3.97393 3.97393
5.52 3.99008 3.99008
5.53 4.00624 4.00624
5.54 4.02242 4.02242
5.55 4.03862 4.03862
5.56 4.05484 4.05484
5.57 4.07108 4.07108
5.58 4.08734 4.08734
5.59 4.10361 4.10361
5.6 4.11991 4.11991
5.61 4.13623 4.13623
5.62 4.15257 4.15257
5.63 4.16893 4.16893
5.64 4.1853 4.1853
5.65 4.2017 4.2017
5.66 4.21811 4.21811
5.67 4.23455 4.23455
5.68 4.251 4.251
5.69 4.26748 4.26748
5.7 4.28397 4.28397
5.71 4.30048 4.30048
5.72 4.31701 4.31701
5.73 4.33356 4.33356
5.74 4.35013 4.35013
5.75 4.36672 4.36672
5.76 4.38332 4.38332
5.77 4.39995 4.39995
5.78 4.41659 4.41659
5.79 4.43326 4.43326
5.8 4.44994 4.44994
5.81 4.46664 4.46664
5.82 4.48336 4.48336
5.83 4.5001 4.5001
5.84 4.51686 4.51686
5.85 4.53363 4.53363
5.86 4.55043 4.55043
5.87 4.56724 4.56724
5.88 4.58407 4.58407
5.89 4.60092 4.60092
5.9 4.61779 4.61779
5.91 4.63468 4.63468
5.92 4.65159 4.65159
5.93 4.66851 4.66851
5.94 4.68545 4.68545
5.95 4.70241 4.70241
5.96 4.71939 4.71939
5.97 4.73639 4.73639
5.98 4.75341 4.75341
5.99 4.77044 4.77044
6 4.78749 4.78749
6.01 4.80456 4.80456
6.02 4.82165 4.82165
6.03 4.83876 4.83876
6.04 4.85588 4.85588
6.05 4.87302 4.87302
6.06 4.89018 4.89018
6.07 4.90736 4.90736
6.08 4.92456 4.92456
6.09 4.94177 4.94177
6.1 4.959 4.959
6.11 4.97625 4.97625
6.12 4.99352 4.99352
6.13 5.01081 5.01081
6.14 5.02811 5.02811
6.15 5.04543 5.04543
6.16 5.06277 5.06277
6.17 5.08013 5.08013
6.18 5.0975 5.0975
6.19 5.11489 5.11489
6.2 5.1323 5.1323
6.21 5.14972 5.14972
6.22 5.16717 5.16717
6.23 5.18463 5.18463
6.24 5.20211 5.20211
6.25 5.2196 5.2196
6.26 5.23712 5.23712
6.27 5.25465 5.25465
6.28 5.2722 5.2722
6.29 5.28976 5.28976
6.3 5.30734 5.30734
6.31 5.32494 5.32494
6.32 5.34256 5.34256
6.33 5.36019 5.36019
6.34 5.37784 5.37784
6.35 5.39551 5.39551
6.36 5.4132 5.4132
6.37 5.4309 5.4309
6.38 5.44862 5.44862
6.39 5.46635 5.46635
6.4 5.48411 5.48411
6.41 5.50188 5.50188
6.42 5.51966 5.51966
6.43 5.53747 5.53747
6.44 5.55529 5.55529
6.45 5.57312 5.57312
6.46 5.59098 5.59098
6.47 5.60885 5.60885
6.48 5.62674 5.62674
6.49 5.64464 5.64464
6.5 5.66256 5.66256
6.51 5.6805 5.6805
6.52 5.69845 5.69845
6.53 5.71642 5.71642
6.54 5.73441 5.73441
6.55 5.75241 5.75241
6.56 5.77044 5.77044
6.57 5.78847 5.78847
6.58 5.80652 5.80652
6.59 5.82459 5.82459
6.6 5.84268 5.84268
6.61 5.86078 5.86078
6.62 5.8789 5.8789
6.63 5.89704 5.89704
6.64 5.91519 5.91519
6.65 5.93335 5.93335
6.66 5.95154 5.95154
6.67 5.96974 5.96974
6.68 5.98795 5.98795
6.69 6.00619 6.00619
6.7 6.02443 6.02443
6.71 6.0427 6.0427
6.72 6.06098 6.06098
6.73 6.07927 6.07927
6.74 6.09759 6.09759
6.75 6.11592 6.11592
6.76 6.13426 6.13426
6.77 6.15262 6.15262
6.78 6.171 6.171
6.79 6.18939 6.18939
6.8 6.2078 6.2078
6.81 6.22622 6.22622
6.82 6.24466 6.24466
6.83 6.26312 6.26312
6.84 6.28159 6.28159
6.85 6.30007 6.30007
6.86 6.31858 6.31858
6.87 6.3371 6.3371
6.88 6.35563 6.35563
6.89 6.37418 6.37418
6.9 6.39274 6.39274
6.91 6.41133 6.41133
6.92 6.42992 6.42992
6.93 6.44853 6.44853
6.94 6.46716 6.46716
6.95 6.4858 6.4858
6.96 6.50446 6.50446
6.97 6.52314 6.52314
6.98 6.54183 6.54183
6.99 6.56053 6.56053
7 6.57925 6.57925
7.01 6.59799 6.59799
7.02 6.61674 6.61674
7.03 6.6355 6.6355
7.04 6.65429 6.65429
7.05 6.67308 6.67308
7.06 6.69189 6.69189
7.07 6.71072 6.71072
7.08 6.72956 6.72956
7.09 6.74842 6.74842
7.1 6.76729 6.76729
7.11 6.78618 6.78618
7.12 6.80508 6.80508
7.13 6.824 6.824
7.14 6.84294 6.84294
7.15 6.86188 6.86188
7.16 6.88085 6.88085
7.17 6.89982 6.89982
7.18 6.91882 6.91882
7.19 6.93783 6.93783
7.2 6.95685 6.95685
7.21 6.97589 6.97589
7.22 6.99494 6.99494
7.23 7.01401 7.01401
7.24 7.03309 7.03309
7.25 7.05219 7.05219
7.26 7.0713 7.0713
7.27 7.09042 7.09042
7.28 7.10957 7.10957
7.29 7.12872 7.12872
7.3 7.14789 7.14789
7.31 7.16708 7.16708
7.32 7.18628 7.18628
7.33 7.20549 7.20549
7.34 7.22472 7.22472
7.35 7.24397 7.24397
7.36 7.26323 7.26323
7.37 7.2825 7.2825
7.38 7.30179 7.30179
7.39 7.32109 7.32109
7.4 7.3404 7.3404
7.41 7.35974 7.35974
7.42 7.37908 7.37908
7.43 7.39844 7.39844
7.44 7.41782 7.41782
7.45 7.43721 7.43721
7.46 7.45661 7.45661
7.47 7.47603 7.47603
7.48 7.49546 7.49546
7.49 7.5149 7.5149
7.5 7.53436 7.53436
7.51 7.55384 7.55384
7.52 7.57333 7.57333
7.53 7.59283 7.59283
7.54 7.61235 7.61235
7.55 7.63188 7.63188
7.56 7.65143 7.65143
7.57 7.67099 7.67099
7.58 7.69056 7.69056
7.59 7.71015 7.71015
7.6 7.72975 7.72975
7.61 7.74937 7.74937
7.62 7.769 7.769
7.63 7.78864 7.78864
7.64 7.8083 7.8083
7.65 7.82797 7.82797
7.66 7.84766 7.84766
7.67 7.86736 7.86736
7.68 7.88707 7.88707
7.69 7.9068 7.9068
7.7 7.92654 7.92654
7.71 7.9463 7.9463
7.72 7.96607 7.96607
7.73 7.98585 7.98585
7.74 8.00565 8.00565
7.75 8.02546 8.02546
7.76 8.04528 8.04528
7.77 8.06512 8.06512
7.78 8.08497 8.08497
7.79 8.10484 8.10484
7.8 8.12472 8.12472
7.81 8.14461 8.14461
7.82 8.16452 8.16452
7.83 8.18444 8.18444
7.84 8.20438 8.20438
7.85 8.22432 8.22432
7.86 8.24428 8.24428
7.87 8.26426 8.26426
7.88 8.28425 8.28425
7.89 8.30425 8.30425
7.9 8.32427 8.32427
7.91 8.34429 8.34429
7.92 8.36434 8.36434
7.93 8.38439 8.38439
7.94 8.40446 8.40446
7.95 8.42455 8.42455
7.96 8.44464 8.44464
7.97 8.46475 8.46475
7.98 8.48488 8.48488
7.99 8.50501 8.50501
8 8.52516 8.52516
8.01 8.54532 8.54532
8.02 8.5655 8.5655
8.03 8.58569 8.58569
8.04 8.60589 8.60589
8.05 8.62611 8.62611
8.06 8.64634 8.64634
8.07 8.66658 8.66658
8.08 8.68684 8.68684
8.09 8.70711 8.70711
8.1 8.72739 8.72739
8.11 8.74768 8.74768
8.12 8.76799 8.76799
8.13 8.78831 8.78831
8.14 8.80865 8.80865
8.15 8.829 8.829
8.16 8.84936 8.84936
8.17 8.86973 8.86973
8.18 8.89012 8.89012
8.19 8.91052 8.91052
8.2 8.93093 8.93093
8.21 8.95135 8.95135
8.22 8.97179 8.97179
8.23 8.99225 8.99225
8.24 9.01271 9.01271
8.25 9.03319 9.03319
8.26 9.05368 9.05368
8.27 9.07418 9.07418
8.28 9.0947 9.0947
8.29 9.11523 9.11523
8.3 9.13577 9.13577
8.31 9.15632 9.15632
8.32 9.17689 9.17689
8.33 9.19747 9.19747
8.34 9.21806 9.21806
8.35 9.23867 9.23867
8.36 9.25929 9.25929
8.37 9.27992 9.27992
8.38 9.30056 9.30056
8.39 9.32122 9.32122
8.4 9.34188 9.34188
8.41 9.36257 9.36257
8.42 9.38326 9.38326
8.43 9.40397 9.40397
8.44 9.42469 9.42469
8.45 9.44542 9.44542
8.46 9.46616 9.46616
8.47 9.48692 9.48692
8.48 9.50769 9.50769
8.49 9.52847 9.52847
8.5 9.54927 9.54927
8.51 9.57007 9.57007
8.52 9.59089 9.59089
8.53 9.61173 9.61173
8.54 9.63257 9.63257
8.55 9.65343 9.65343
8.56 9.6743 9.6743
8.57 9.69518 9.69518
8.58 9.71607 9.71607
8.59 9.73698 9.73698
8.6 9.7579 9.7579
8.61 9.77883 9.77883
8.62 9.79977 9.79977
8.63 9.82073 9.82073
8.64 9.8417 9.8417
8.65 9.86268 9.86268
8.66 9.88367 9.88367
8.67 9.90467 9.90467
8.68 9.92569 9.92569
8.69 9.94672 9.94672
8.7 9.96776 9.96776
8.71 9.98882 9.98882
8.72 10.0099 10.0099
8.73 10.031 10.031
8.74 10.052 10.052
8.75 10.0732 10.0732
8.76 10.0943 10.0943
8.77 10.1154 10.1154
8.78 10.1365 10.1365
8.79 10.1577 10.1577
8.8 10.1788 10.1788
8.81 10.2 10.2
8.82 10.2212 10.2212
8.83 10.2424 10.2424
8.84 10.2636 10.2636
8.85 10.2848 10.2848
8.86 10.3061 10.3061
8.87 10.3273 10.3273
8.88 10.3486 10.3486
8.89 10.3698 10.3698
8.9 10.3911 10.3911
8.91 10.4124 10.4124
8.92 10.4337 10.4337
8.93 10.455 10.455
8.94 10.4764 10.4764
8.95 10.4977 10.4977
8.96 10.5191 10.5191
8.97 10.5404 10.5404
8.98 10.5618 10.5618
8.99 10.5832 10.5832
9 10.6046 10.6046
9.01 10.626 10.626
9.02 10.6474 10.6474
9.03 10.6689 10.6689
9.04 10.6903 10.6903
9.05 10.7118 10.7118
9.06 10.7333 10.7333
9.07 10.7547 10.7547
9.08 10.7762 10.7762
9.09 10.7977 10.7977
9.1 10.8193 10.8193
9.11 10.8408 10.8408
9.12 10.8623 10.8623
9.13 10.8839 10.8839
9.14 10.9054 10.9054
9.15 10.927 10.927
9.16 10.9486 10.9486
9.17 10.9702 10.9702
9.18 10.9918 10.9918
9.19 11.0134 11.0134
9.2 11.0351 11.0351
9.21 11.0567 11.0567
9.22 11.0784 11.0784
9.23 11.1 11.1
9.24 11.1217 11.1217
9.25 11.1434 11.1434
9.26 11.1651 11.1651
9.27 11.1868 11.1868
9.28 11.2085 11.2085
9.29 11.2303 11.2303
9.3 11.252 11.252
9.31 11.2738 11.2738
9.32 11.2956 11.2956
9.33 11.3173 11.3173
9.34 11.3391 11.3391
9.35 11.3609 11.3609
9.36 11.3827 11.3827
9.37 11.4046 11.4046
9.38 11.4264 11.4264
9.39 11.4483 11.4483
9.4 11.4701 11.4701
9.41 11.492 11.492
9.42 11.5139 11.5139
9.43 11.5358 11.5358
9.44 11.5577 11.5577
9.45 11.5796 11.5796
9.46 11.6015 11.6015
9.47 11.6235 11.6235
9.48 11.6454 11.6454
9.49 11.6674 11.6674
9.5 11.6893 11.6893
9.51 11.7113 11.7113
9.52 11.7333 11.7333
9.53 11.7553 11.7553
9.54 11.7773 11.7773
9.55 11.7994 11.7994
9.56 11.8214 11.8214
9.57 11.8434 11.8434
9.58 11.8655 11.8655
9.59 11.8876 11.8876
9.6 11.9097 11.9097
9.61 11.9318 11.9318
9.62 11.9539 11.9539
9.63 11.976 11.976
9.64 11.9981 11.9981
9.65 12.0202 12.0202
9.66 12.0424 12.0424
9.67 12.0645 12.0645
9.68 12.0867 12.0867
9.69 12.1089 12.1089
9.7 12.1311 12.1311
9.71 12.1533 12.1533
9.72 12.1755 12.1755
9.73 12.1977 12.1977
9.74 12.22 12.22
9.75 12.2422 12.2422
9.76 12.2645 12.2645
9.77 12.2867 12.2867
9.78 12.309 12.309
9.79 12.3313 12.3313
9.8 12.3536 12.3536
9.81 12.3759 12.3759
9.82 12.3982 12.3982
9.83 12.4206 12.4206
9.84 12.4429 12.4429
9.85 12.4653 12.4653
9.86 12.4876 12.4876
9.87 12.51 12.51
9.88 12.5324 12.5324
9.89 12.5548 12.5548
9.9 12.5772 12.5772
9.91 12.5996 12.5996
9.92 12.622 12.622
9.93 12.6445 12.6445
9.94 12.6669 12.6669
9.95 12.6894 12.6894
9.96 12.7118 12.7118
9.97 12.7343 12.7343
9.98 12.7568 12.7568
9.99 12.7793 12.7793
10 12.8018 12.8018
