-1 0.3532269084823602
-0.9166666666666666 0.3301398675146414
-0.8333333333333334 0.2191222426475394
-0.75 0.02142506088847531
-0.6666666666666667 -0.2372645177059484
-0.5833333333333333 -0.5083256061743413
-0.5 -0.7293132013745259
-0.4166666666666666 -0.8391975459314236
-0.3333333333333334 -0.7958043787246262
-0.25 -0.5901145069006052
-0.1666666666666666 -0.2524214595778177
-0.08333333333333337 0.1524577162744711
0 0.5403023058681398
0.08333333333333326 0.828855288085926
0.1666666666666667 0.9591273220960849
0.25 0.9102089856772189
0.3333333333333333 0.7032428195267608
0.4166666666666667 0.3937363016674157
0.5 0.05509018805108691
0.5833333333333333 -0.2412342274514766
0.6666666666666667 -0.4429005723559788
0.75 -0.5266516202027163
0.8333333333333333 -0.4991948240575453
0.9166666666666667 -0.3901617485789937
1 -0.2404620499685837
