0 0.0180529 0
0.00789345 0.0188354 0.00789337
0.0157869 0.0196016 0.0157862
0.0236803 0.020351 0.0236781
0.0315738 0.0210829 0.0315685
0.0394672 0.0217969 0.039457
0.0473607 0.0224923 0.047343
0.0552541 0.0231687 0.055226
0.0631476 0.0238255 0.0631056
0.071041 0.0244623 0.0709813
0.0789345 0.0250787 0.0788525
0.0868279 0.0256742 0.0867189
0.0947214 0.0262485 0.0945798
0.102615 0.0268013 0.102435
0.110508 0.0273321 0.110283
0.118402 0.0278409 0.118125
0.126295 0.0283272 0.12596
0.134189 0.0287909 0.133786
0.142082 0.0292317 0.141605
0.149976 0.0296496 0.149414
0.157869 0.0300443 0.157214
0.165762 0.0304159 0.165004
0.173656 0.0307641 0.172784
0.181549 0.031089 0.180554
0.189443 0.0313905 0.188312
0.197336 0.0316687 0.196058
0.20523 0.0319236 0.203792
0.213123 0.0321552 0.211513
0.221017 0.0323637 0.219222
0.22891 0.0325491 0.226916
0.236803 0.0327116 0.234597
0.244697 0.0328515 0.242262
0.25259 0.0329688 0.249913
0.260484 0.0330638 0.257548
0.268377 0.0331367 0.265167
0.276271 0.0331878 0.27277
0.284164 0.0332173 0.280355
0.292058 0.0332256 0.287923
0.299951 0.033213 0.295473
0.307845 0.0331798 0.303005
0.315738 0.0331263 0.310518
0.323631 0.033053 0.318012
0.331525 0.0329602 0.325485
0.339418 0.0328482 0.332939
0.347312 0.0327176 0.340371
0.355205 0.0325687 0.347783
0.363099 0.032402 0.355173
0.370992 0.0322178 0.36254
0.378886 0.0320167 0.369885
0.386779 0.0317991 0.377207
0.394672 0.0315655 0.384506
0.402566 0.0313163 0.39178
0.410459 0.0310521 0.399031
0.418353 0.0307732 0.406256
0.426246 0.0304802 0.413456
0.43414 0.0301736 0.42063
0.442033 0.0298539 0.427778
0.449927 0.0295215 0.434899
0.45782 0.0291769 0.441994
0.465713 0.0288207 0.44906
0.473607 0.0284533 0.456099
0.4815 0.0280752 0.463109
0.489394 0.0276869 0.470091
0.497287 0.0272889 0.477043
0.505181 0.0268816 0.483966
0.513074 0.0264656 0.490858
0.520968 0.0260413 0.49772
0.528861 0.0256092 0.50455
0.536755 0.0251697 0.51135
0.544648 0.0247233 0.518117
0.552541 0.0242704 0.524852
0.560435 0.0238115 0.531555
0.568328 0.0233471 0.538224
0.576222 0.0228775 0.54486
0.584115 0.0224032 0.551462
0.592009 0.0219246 0.558029
0.599902 0.0214421 0.564562
0.607796 0.0209561 0.571059
0.615689 0.020467 0.577521
0.623582 0.0199752 0.583947
0.631476 0.0194811 0.590337
0.639369 0.018985 0.596689
0.647263 0.0184873 0.603005
0.655156 0.0179884 0.609283
0.66305 0.0174886 0.615523
0.670943 0.0169883 0.621725
0.678837 0.0164878 0.627888
0.68673 0.0159874 0.634012
0.694624 0.0154874 0.640096
0.702517 0.0149883 0.646141
0.71041 0.0144902 0.652145
0.718304 0.0139935 0.658109
0.726197 0.0134985 0.664031
0.734091 0.0130055 0.669912
0.741984 0.0125148 0.675752
0.749878 0.0120266 0.681549
0.757771 0.0115413 0.687304
0.765665 0.011059 0.693016
0.773558 0.0105802 0.698685
0.781451 0.010105 0.704311
0.789345 0.0096338 0.709892
0.797238 0.00916674 0.715429
0.805132 0.00870414 0.720922
0.813025 0.00824624 0.72637
0.820919 0.0077933 0.731772
0.828812 0.00734559 0.737129
0.836706 0.00690334 0.74244
0.844599 0.00646682 0.747705
0.852492 0.00603628 0.752923
0.860386 0.00561197 0.758094
0.868279 0.00519413 0.763218
0.876173 0.00478302 0.768295
0.884066 0.0043789 0.773323
0.89196 0.00398201 0.778304
0.899853 0.0035926 0.783236
0.907747 0.00321094 0.788119
0.91564 0.00283728 0.792953
0.923534 0.00247187 0.797737
0.931427 0.00211497 0.802472
0.93932 0.00176685 0.807157
0.947214 0.00142776 0.811792
0.955107 0.00109798 0.816376
0.963001 0.000777765 0.820909
0.970894 0.00046739 0.825391
0.978788 0.000167125 0.829821
0.986681 -0.000122755 0.8342
0.994575 -0.000401972 0.838527
1.00247 -0.000670247 0.842802
1.01036 -0.000927298 0.847024
1.01825 -0.00117284 0.851193
1.02615 -0.00140658 0.85531
1.03404 -0.00162824 0.859373
1.04194 -0.00183752 0.863382
1.04983 -0.00203413 0.867338
1.05772 -0.00221776 0.87124
1.06562 -0.00238812 0.875087
1.07351 -0.00254492 0.87888
1.0814 -0.00268784 0.882618
1.0893 -0.00281658 0.886301
1.09719 -0.00293083 0.889929
1.10508 -0.0030303 0.893501
1.11298 -0.00311467 0.897018
1.12087 -0.00318363 0.900479
1.12876 -0.00323688 0.903884
1.13666 -0.0032741 0.907232
1.14455 -0.00329499 0.910524
1.15244 -0.00329925 0.913759
1.16034 -0.00328656 0.916938
1.16823 -0.00325662 0.920059
1.17612 -0.00320913 0.923123
1.18402 -0.00314379 0.926129
1.19191 -0.0030603 0.929077
1.1998 -0.00295838 0.931968
1.2077 -0.00283772 0.934801
1.21559 -0.00269805 0.937575
1.22348 -0.00253908 0.940291
1.23138 -0.00236055 0.942948
1.23927 -0.00216218 0.945547
1.24716 -0.00194372 0.948087
1.25506 -0.0017049 0.950567
1.26295 -0.00144549 0.952989
1.27085 -0.00116524 0.955351
1.27874 -0.000863939 0.957653
1.28663 -0.000541357 0.959896
1.29453 -0.000197292 0.962079
1.30242 0.000168452 0.964202
1.31031 0.000556057 0.966265
1.31821 0.000965694 0.968268
1.3261 0.00139752 0.970211
1.33399 0.00185168 0.972093
1.34189 0.00232829 0.973914
1.34978 0.00282747 0.975675
1.35767 0.00334932 0.977375
1.36557 0.00389391 0.979014
1.37346 0.00446131 0.980592
1.38135 0.00505154 0.982109
1.38925 0.00566465 0.983565
1.39714 0.00630062 0.98496
1.40503 0.00695945 0.986293
1.41293 0.00764109 0.987565
1.42082 0.00834548 0.988775
1.42871 0.00907253 0.989923
1.43661 0.00982215 0.99101
1.4445 0.0105942 0.992035
1.45239 0.0113885 0.992999
1.46029 0.0122049 0.9939
1.46818 0.0130432 0.99474
1.47607 0.0139032 0.995517
1.48397 0.0147845 0.996233
1.49186 0.015687 0.996886
1.49976 0.0166102 0.997478
1.50765 0.017554 0.998007
1.51554 0.0185178 0.998474
1.52344 0.0195013 0.998879
1.53133 0.0205041 0.999221
1.53922 0.0215257 0.999502
1.54712 0.0225657 0.99972
1.55501 0.0236235 0.999875
1.5629 0.0246986 0.999969
1.5708 0.0257904 1
