-1 0.3532269084823602 0.3530195979345815
-0.995 0.3540612225274855 0.354195208911866
-0.99 0.354635538258239 0.3550573402912267
-0.985 0.354944491705922 0.3556040168694788
-0.98 0.3549828714762449 0.3558334646470458
-0.975 0.3547456266304578 0.3557440972075561
-0.97 0.354227874521163 0.355334502709281
-0.965 0.3534249085729151 0.3546034315912757
-0.96 0.352332205997635 0.3535497850884246
-0.955 0.3509454354347896 0.3521726046404177
-0.95 0.3492604645062253 0.3504710622700859
-0.945 0.3472733672754945 0.3484444519965854
-0.9399999999999999 0.3449804316014819 0.3460921823387228
-0.9350000000000001 0.342378166376106 0.3434137699533517
-0.9299999999999999 0.3394633086358667 0.3404088344433265
-0.925 0.3362328305370156 0.3370770943590531
-0.92 0.3326839461841283 0.3334183644073093
-0.915 0.3288141183019056 0.3294325538708123
-0.91 0.3246210647400641 0.3251196662320337
-0.905 0.3201027648012338 0.320479799985101
-0.9 0.3152574653818581 0.3155131506103349
-0.895 0.3100836869161765 0.3102200136771027
-0.89 0.304580229113466 0.3046007890323024
-0.885 0.2987461764788372 0.2986559860239476
-0.88 0.2925809036080128 0.2923862297020695
-0.875 0.2860840802466482 0.2857922679325183
-0.87 0.2792556761049299 0.2788749793532518
-0.865 0.2720959654183424 0.2716353820973949
-0.86 0.2646055312456916 0.2640746432027374
-0.855 0.256785269495676 0.2561940886234255
-0.85 0.2486363926734984 0.2479952137564184
-0.845 0.2401604333392601 0.2394796943928028
-0.84 0.231359247270106 0.2306493980022961
-0.835 0.2222350163183532 0.2215063952582141
-0.83 0.2127902509581128 0.2120529717098013
-0.825 0.2030277925131844 0.2022916395091245
-0.8200000000000001 0.1929508150593119 0.1922251491006663
-0.8149999999999999 0.1825628269941985 0.1818565007833114
-0.8100000000000001 0.1718676722689994 0.1711889560565623
-0.8049999999999999 0.1608695312753353 0.1602260486654946
-0.8 0.1495729213822534 0.1489715952621808
-0.795 0.1379826971178668 0.1374297056049516
-0.79 0.1261040499908304 0.1256047922209821
-0.785 0.1139425079471543 0.1135015794621458
-0.78 0.1015039344582635 0.1011251118889058
-0.775 0.08879452723661373 0.0884807619221086
-0.77 0.07582081657559156 0.0755742367079012
-0.765 0.06258966331083265 0.06241158414653389
-0.76 0.04910825640053963 0.04899919804151474
-0.755 0.03538411012281733 0.03534382233138653
-0.75 0.02142506088847531 0.02145255437226631
-0.745 0.007239263668228251 0.007332847245176414
-0.74 -0.007164811966340954 -0.007007488931934905
-0.735 -0.02177838618820551 -0.02156028670178359
-0.73 -0.03659237364638332 -0.03631702198353719
-0.725 -0.05159738858270625 -0.05126881580981658
-0.72 -0.0667837503325753 -0.0664064370825183
-0.7150000000000001 -0.08214148920794886 -0.08172030633985435
-0.71 -0.09766035276030274 -0.0972005005220172
-0.7050000000000001 -0.1133298124208084 -0.1128367587181332
-0.7 -0.1291390705145 -0.1286184888727156
-0.6950000000000001 -0.1450770676446739 -0.1445347754256188
-0.6899999999999999 -0.1611324904433055 -0.1605743878556583
-0.6850000000000001 -0.1772937796827273 -0.1767257900944642
-0.6799999999999999 -0.1935491387433746 -0.1929771507739509
-0.675 -0.2098865424318343 -0.2093163542678554
-0.6699999999999999 -0.22629374614303 -0.2257310124852869
-0.665 -0.2427582953598011 -0.2422084773719889
-0.6599999999999999 -0.2592675354827162 -0.2587358540731948
-0.655 -0.2758086219824308 -0.2753000147103979
-0.65 -0.2923685308664612 -0.2918876127232206
-0.645 -0.3089340694517399 -0.3084850977266712
-0.64 -0.3254918874338867 -0.3250787308335876
-0.635 -0.3420284882436486 -0.3416546003918206
-0.63 -0.358530240680518 -0.3581986380858001
-0.625 -0.3749833908131113 -0.3746966353524912
-0.62 -0.3913740741354301 -0.391134260062376
-0.615 -0.4076883279677371 -0.4074970734169855
-0.61 -0.4239121040903438 -0.4237705470156246
-0.605 -0.440031281598211 -0.4399400800452754
-0.6 -0.4560316799638907 -0.455991016549192
-0.595 -0.4718990722959335 -0.4719086627314245
-0.5900000000000001 -0.4876191987795514 -0.4876783042563749
-0.585 -0.5031777802859593 -0.5032852235045073
-0.5800000000000001 -0.5185605321364818 -0.5187147167474503
-0.575 -0.5337531780072136 -0.5339521112079855
-0.5700000000000001 -0.5487414639596829 -0.5489827819726822
-0.5649999999999999 -0.5635111725827185 -0.5637921687273498
-0.5600000000000001 -0.5780481372304099 -0.5783657922878338
-0.5549999999999999 -0.5923382563408338 -0.5926892709011546
-0.55 -0.6063675078199461 -0.6067483362943661
-0.5449999999999999 -0.6201219634748559 -0.6205288494509674
-0.54 -0.6335878034804646 -0.6340168160970362
-0.5349999999999999 -0.6467513308633007 -0.6471984018816243
-0.53 -0.6595989859861942 -0.6600599472381826
-0.525 -0.672117361017318 -0.6725879819160174
-0.52 -0.6842932143669745 -0.6847692391728408
-0.515 -0.6961134850754315 -0.6965906696215127
-0.51 -0.7075653071350075 -0.7080394547259434
-0.505 -0.7186360237295658 -0.719103019942903
-0.5 -0.7293132013745259 -0.7297690475081218
-0.495 -0.7395846439404918 -0.740025488866576
-0.49 -0.7494384065435988 -0.7498605767482108
-0.485 -0.758862809285709 -0.7592628368915769
-0.48 -0.767846450827633 -0.768221099418924
-0.475 -0.7763782217786307 -0.776724509867208
-0.47 -0.784447317885534 -0.7847625398802451
-0.465 -0.7920432530049513 -0.7923249975678444
-0.46 -0.7991558718421523 -0.7994020375382299
-0.455 -0.8057753624403932 -0.8059841706103602
-0.45 -0.8118922684046206 -0.8120622732129399
-0.445 -0.8174975008437042 -0.817627596476927
-0.4399999999999999 -0.8225823500155668 -0.8226717750282506
-0.4350000000000001 -0.8271384966598362 -0.8271868354872042
-0.43 -0.8311580230029088 -0.8311652046806197
-0.425 -0.8346334234206055 -0.834599717572465
-0.42 -0.8375576147439204 -0.8374836249179092
-0.415 -0.8399239461936852 -0.8398106006452332
-0.41 -0.8417262089303361 -0.8415747489691882
-0.405 -0.8429586452053391 -0.8427706112385609
-0.4 -0.8436159571012226 -0.8433931725197862
-0.395 -0.8436933148475854 -0.8434378679174798
-0.39 -0.843186364700873 -0.8429005886317351
-0.385 -0.8420912363761722 -0.8417776877509832
-0.38 -0.8404045500197396 -0.8400659857781174
-0.375 -0.8381234227114647 -0.837762775886507
-0.37 -0.8352454744869772 -0.8348658289014075
-0.365 -0.8317688338696186 -0.831373398001193
-0.36 -0.8276921429030428 -0.827284223131761
-0.355 -0.8230145616757525 -0.8225975351264139
-0.35 -0.8177357723294481 -0.8173130595225103
-0.345 -0.811855982543641 -0.8114310200652275
-0.34 -0.8053759284895782 -0.8049521418878711
-0.335 -0.7982968772471206 -0.7978776543573294
-0.33 -0.7906206286788431 -0.7902092935725095
-0.325 -0.7823495167562404 -0.7819493045029139
-0.32 -0.7734864103335654 -0.7731004427539186
-0.3149999999999999 -0.7640347133654665 -0.7636659759448158
-0.3100000000000001 -0.7539983645652434 -0.7536496846852877
-0.305 -0.7433818365012065 -0.7430558631356813
-0.3 -0.7321901341292862 -0.7318893191362691
-0.295 -0.7204287927607115 -0.7201553738905986
-0.29 -0.7081038754642551 -0.7078598611880867
-0.285 -0.6952219699032292 -0.6950091261511513
-0.28 -0.6817901846080869 -0.6816100234924605
-0.275 -0.6678161446861849 -0.66766991526825
-0.27 -0.6533079869709404 -0.6531966681141744
-0.265 -0.6382743546133048 -0.6381986499507682
-0.26 -0.6227243911191681 -0.6226847261463151
-0.255 -0.6066677338369858 -0.6066642551257692
-0.25 -0.5901145069006052 -0.5901470834153083
-0.245 -0.5730753136329514 -0.5731435401131323
-0.24 -0.5555612284168981 -0.5556644307782718
-0.235 -0.5375837880403254 -0.53772103073038
-0.23 -0.5191549825230249 -0.5193250777548034
-0.225 -0.5002872454337676 -0.5004887642086003
-0.22 -0.4809934437064987 -0.4812247285246469
-0.215 -0.4612868669652625 -0.4615460461124622
-0.21 -0.4411812163680775 -0.4414662196559833
-0.205 -0.420690592980618 -0.4209991688101113
-0.2 -0.3998294856911422 -0.4001592192995203
-0.195 -0.3786127586787165 -0.3789610914248887
-0.1899999999999999 -0.3570556384473492 -0.3574198879834243
-0.1850000000000001 -0.3351737004392257 -0.3355510816122549
-0.18 -0.3129828552407727 -0.3133705015649748
-0.175 -0.2904993343958259 -0.2908943199333426
-0.17 -0.2677396758406776 -0.2681390373278045
-0.165 -0.2447207089762908 -0.2451214680321937
-0.16 -0.221459539393441 -0.2218587246495737
-0.155 -0.197973533267014 -0.1983682022577882
-0.15 -0.1742803014361232 -0.1746675620948106
-0.145 -0.1503976831871368 -0.1507747147954717
-0.14 -0.1263437297571053 -0.1267078032025499
-0.135 -0.1021366875754594 -0.1024851847765604
-0.13 -0.07779498126220559 -0.07812541362983044
-0.125 -0.05333719640117972 -0.05364722221163749
-0.12 -0.02878206210723467 -0.02906950267226914
-0.115 -0.004148433406524519 -0.004411287934860164
-0.11 0.02054472655068853 0.0203082674952454
-0.105 0.04527836442503878 0.04506990695306314
-0.09999999999999998 0.07003335475099064 0.06985429123724635
-0.09499999999999997 0.0947905181076284 0.09464201840226417
-0.08999999999999997 0.1195306393770668 0.1194136436872145
-0.08499999999999996 0.1442344860701078 0.1441496995486433
-0.07999999999999996 0.1688828266986547 0.168830715764506
-0.07499999999999996 0.1934564491743067 0.1934372395762717
-0.06999999999999995 0.2179361792125004 0.2179498558361585
-0.06499999999999995 0.2423028987215269 0.2423492071265742
-0.06000000000000005 0.2665375641557479 0.2666160138190465
-0.05500000000000005 0.2906212248123504 0.2907310940402306
-0.05000000000000004 0.3145350410510238 0.3146753835129897
-0.04500000000000004 0.3382603024160223 0.338429955241072
-0.04000000000000004 0.3617784456401658 0.3619760390064993
-0.03500000000000003 0.3850710725104581 0.385295040649495
-0.03000000000000003 0.408119967575155 0.4083685611015643
-0.02500000000000002 0.4309071156722886 0.4311784151432122
-0.02000000000000002 0.4534147192598589 0.4537066498587313
-0.01500000000000001 0.4756252155281285 0.4759355627615118
-0.01000000000000001 0.4975212932747101 0.4978477195644087
-0.005000000000000004 0.519085909523416 0.5194259715708469
0 0.5403023058681398 0.5406534726635334
0.004999999999999893 0.5611540245233658 0.5615136958688923
0.01000000000000001 0.5816249240632557 0.5819904494766158
0.0149999999999999 0.6016991948316218 0.6020678926950214
0.02000000000000002 0.6213613740055238 0.6217305508242733
0.02499999999999991 0.6405963602955934 0.6409633299308326
0.03000000000000003 0.65938942826669 0.6597515310079162
0.03499999999999992 0.6777262422628927 0.6780808636080632
0.04000000000000004 0.6955928699213698 0.6959374589353261
0.04499999999999993 0.7129757952601139 0.7133078823859105
0.05000000000000004 0.7298619313251022 0.7301791455274846
0.05499999999999994 0.7462386323829315 0.7465387175086532
0.06000000000000005 0.762093705645574 0.7623745358914366
0.06499999999999995 0.7774154225144365 0.7776750169008189
0.07000000000000006 0.7921925293315266 0.7924290650867047
0.07499999999999996 0.8064142576260991 0.8066260823947673
0.08000000000000007 0.820070333845808 0.8202559766438644
0.08499999999999996 0.8331509885619863 0.8333091694087507
0.09000000000000008 0.8456469651393519 0.8457766033078997
0.09499999999999997 0.8575495278610613 0.8576497486972019
0.1000000000000001 0.8688504695007327 0.8689206097712693
0.105 0.8795421183336996 0.8795817300749212
0.1100000000000001 0.8896173445804787 0.8896261974282617
0.115 0.8990695662760937 0.8990476482694818
0.1200000000000001 0.9078927545596264 0.90784027142023
0.125 0.9160814383790491 0.9159988112789933
0.1299999999999999 0.923630708607124 0.9235185704485055
0.135 0.9305362215648522 0.9303954118036818
0.1399999999999999 0.9367942019496875 0.9366257600070207
0.145 0.9424014451664486 0.9422066024787836
0.1499999999999999 0.9473553190595744 0.9471354898295744
0.155 0.9516537650461104 0.9514105357632017
0.1599999999999999 0.955295298649511 0.9550304164579073
0.165 0.9582790094350896 0.9579943694342034
0.1699999999999999 0.9606045603486362 0.9603021919176503
0.175 0.9622721864604661 0.9619542387049876
0.1799999999999999 0.9632826931178471 0.9629514195420266
0.1850000000000001 0.9636374535094712 0.9632951960217142
0.1899999999999999 0.9633384056463287 0.9629875780107097
0.1950000000000001 0.9623880487640326 0.962031119612746
0.2 0.9607894391523232 0.9604289146769331
0.2050000000000001 0.9585461854181514 0.9581845918590401
0.21 0.9556624431894084 0.9553023092436453
0.2150000000000001 0.9521429092670119 0.9517867485348936
0.22 0.9479928152337046 0.9476431088234337
0.2250000000000001 0.9432179205285395 0.9428770999369424
0.23 0.9378245049966528 0.9374949353814904
0.2350000000000001 0.9318193609245033 0.9315033248808248
0.24 0.9252097845713644 0.924909466520518
0.2450000000000001 0.9180035672083987 0.9177210385037764
0.25 0.9102089856772189 0.9099461905256006
0.2549999999999999 0.9018347924803516 0.9015935347718732
0.26 0.8928902054165545 0.8926721365498925
0.2649999999999999 0.8833848967744253 0.8831915045568105
0.27 0.8733289820982145 0.8731615807924121
0.2749999999999999 0.8627330085402332 0.8625927301227017
0.28 0.8516079428146548 0.8514957295007826
0.2849999999999999 0.8399651587679634 0.839881756851624
0.29 0.8278164245816587 0.8277623796274017
0.2949999999999999 0.8151738896232429 0.8151495430402783
0.3 0.8020500709618292 0.8020555579796573
0.3049999999999999 0.788457839565077 0.7884930886212059
0.3100000000000001 0.7744104061944321 0.7744751397351818
0.3149999999999999 0.7599213070159708 0.7600150437019403
0.3200000000000001 0.745004388944367 0.745126447242812
0.325 0.7296737947377848 0.7298232978749601
0.3300000000000001 0.7139439478616613 0.714119830099207
0.335 0.697829537139585 0.6980305513303103
0.3400000000000001 0.6813455012095926 0.6815702275796126
0.345 0.6645070128043917 0.6647538689005384
0.3500000000000001 0.6473294628740872 0.6475967146079122
0.355 0.6298284445701324 0.6301142182826728
0.3600000000000001 0.6120197371092374 0.6123220325740932
0.365 0.5939192895360681 0.5942359938122673
0.3700000000000001 0.5755432044035287 0.5758721064441759
0.375 0.556907721389475 0.5572465273073232
0.3799999999999999 0.5380292008686168 0.5383755497555041
0.385 0.5189241074583669 0.5192755876519394
0.3899999999999999 0.4996089935572828 0.4999631592456011
0.395 0.4801004828946497 0.4804548709471773
0.3999999999999999 0.4604152541096578 0.4607674010217478
0.405 0.44057002437843 0.4409174832157927
0.4099999999999999 0.4205815331070473 0.4209218903367691
0.415 0.4004665257084631 0.4007974178039828
0.4199999999999999 0.3802417374810488 0.3805608671900517
0.425 0.3599238776062137 0.3602290297726835
0.4299999999999999 0.339529613282352 0.3398186701169855
0.4350000000000001 0.3190755540120275 0.3193465097088791
0.4399999999999999 0.298578236059074 0.2988292106605999
0.4450000000000001 0.2780541070919135 0.2782833595095242
0.45 0.257519511029119 0.2577254511318723
0.4550000000000001 0.2369906731028345 0.2371718727929945
0.46 0.2164836851553587 0.2166388883561449
0.4650000000000001 0.1960144911837458 0.1961426226716817
0.47 0.1755988731469366 0.175699046168716
0.4750000000000001 0.1552524370494534 0.1553239596711369
0.48 0.1349905993153134 0.1350329794598943
0.4850000000000001 0.1148285734653111 0.1148415226031948
0.49 0.09478135711041417 0.09476479257608805
0.4950000000000001 0.07486371927348177 0.07481776519055681
0.5 0.05509018805108691 0.05501517485690968
0.5049999999999999 0.03547503862666574 0.03537150119677991
0.51 0.01603228164575785 0.01590095602757151
0.5149999999999999 -0.003224348036450276 -0.003382529262406772
0.52 -0.02228140222559541 -0.02246531592952291
0.5249999999999999 -0.04112572986744556 -0.04133406966319368
0.53 -0.05974448712746332 -0.05997577192993506
0.5349999999999999 -0.0781251470625408 -0.07837773085675113
0.54 -0.09625550887743355 -0.09652759163845753
0.5449999999999999 -0.1141237067589316 -0.1144133464544161
0.55 -0.131718218281425 -0.1320233438811986
0.5549999999999999 -0.1490278723780404 -0.1493462977886768
0.5600000000000001 -0.166041856872151 -0.1663712957081686
0.5649999999999999 -0.1827497255645863 -0.1830878066623298
0.5700000000000001 -0.1991414048724944 -0.199485688447693
0.575 -0.2152072000163388 -0.2155551943618771
0.5800000000000001 -0.2309378007521365 -0.2312869793687632
0.585 -0.2463242866465696 -0.2466721056961039
0.5900000000000001 -0.261358131893227 -0.2617020478613395
0.595 -0.2760312096687524 -0.2763686971226023
0.6000000000000001 -0.2903357960282925 -0.2906643653532092
0.605 -0.3042645733401516 -0.3045817883391652
0.6100000000000001 -0.3178106332601667 -0.3181141285005151
0.615 -0.3309674792468202 -0.3312549770385972
0.6200000000000001 -0.3437290286186995 -0.343998355512541
0.625 -0.3560896141564097 -0.3563387168495435
0.6299999999999999 -0.3680439852516104 -0.368270945794702
0.635 -0.3795873086063455 -0.3797903588073301
0.6399999999999999 -0.3907151684863616 -0.3908927034118564
0.645 -0.4014235665326125 -0.4015741570125114
0.6499999999999999 -0.4117089211356322 -0.4118313251820706
0.655 -0.4215680663779574 -0.4216612394359757
0.6599999999999999 -0.4309982505502294 -0.4310613545041068
0.665 -0.4399971342470917 -0.4400295451134411
0.6699999999999999 -0.4485627880494167 -0.4485641022956793
0.675 -0.4566936897998569 -0.4566637292347668
0.6799999999999999 -0.4643887214791129 -0.4643275366699712
0.6850000000000001 -0.4716471656907362 -0.4715550378708966
0.6899999999999999 -0.4784687017626599 -0.4783461432014261
0.6950000000000001 -0.4848534014740466 -0.4847011542901698
0.7 -0.4908017244163841 -0.4906207578254742
0.7050000000000001 -0.4963145129981306 -0.4961060189935007
0.71 -0.50139298710252 -0.5011583745782188
0.7150000000000001 -0.5060387384084734 -0.5057796257424733
0.72 -0.5102537243848455 -0.5099719305094885
0.7250000000000001 -0.5140402619685343 -0.51373779596434
0.73 -0.5174010209372307 -0.5170800701949947
0.7350000000000001 -0.5203390169878555 -0.5200019339925547
0.74 -0.522857604531941 -0.5225068923302694
0.7450000000000001 -0.5249604692194512 -0.524598765640788
0.75 -0.5266516202027163 -0.5262816809109315
0.7549999999999999 -0.5279353821523488 -0.5275600626130362
0.76 -0.5288163870371682 -0.5284386234916184
0.7649999999999999 -0.5292995656803049 -0.5289223552237663
0.77 -0.5293901391037892 -0.5290165189712555
0.7749999999999999 -0.5290936096740356 -0.5287266358419359
0.78 -0.5284157520607339 -0.5280584772774385
0.7849999999999999 -0.5273626040217257 -0.5270180553837066
0.79 -0.5259404570265184 -0.5256116132202808
0.7949999999999999 -0.524155846731115 -0.523845615063649
0.8 -0.5220155433168784 -0.5217267366593245
0.8049999999999999 -0.5195265417061483 -0.519261855476648
0.8100000000000001 -0.5166960516673252 -0.5164580409796038
0.8149999999999999 -0.5135314878221118 -0.5133225449262336
0.8200000000000001 -0.5100404595675588 -0.5098627917084935
0.825 -0.5062307609255137 -0.5060863687436621
0.8300000000000001 -0.5021103603319877 -0.5020010169276559
0.835 -0.4976873903788844 -0.4976146211598617
0.8400000000000001 -0.4929701375204135 -0.4929352009483364
0.845 -0.4879670317564159 -0.4879709011034926
0.8500000000000001 -0.482686636304679 -0.4827299825276346
0.855 -0.477137637274188 -0.4772208131070035
0.8600000000000001 -0.4713288333510893 -0.4714518587122637
0.865 -0.465269125508987 -0.46543167431269
0.8700000000000001 -0.4589675067549859 -0.45916889520863
0.875 -0.4524330519227228 -0.452672228386194
0.8799999999999999 -0.4456749075233967 -0.4459504439974867
0.885 -0.4387022816656052 -0.4390123669691338
0.8899999999999999 -0.4315244340545527 -0.4318668687412898
0.895 -0.4241506660809557 -0.4245228591387953
0.8999999999999999 -0.4165903110097253 -0.416989278375687
0.905 -0.4088527242782325 -0.4092750891937965
0.9099999999999999 -0.4009472739137068 -0.4013892691357948
0.915 -0.3928833310790203 -0.3933408029526503
0.9199999999999999 -0.3846702607558447 -0.3851386751451705
0.925 -0.3763174125738449 -0.3767918626389873
0.9299999999999999 -0.3678341117943037 -0.3683093275921334
0.9350000000000001 -0.3592296504562271 -0.3597000103341315
0.9399999999999999 -0.350513278692699 -0.3509728224353817
0.9450000000000001 -0.3416941962249017 -0.3421366399054934
0.95 -0.332781544040922 -0.3332002965191505
0.9550000000000001 -0.3237843962661043 -0.3241725772680388
0.96 -0.3147117522314034 -0.3150622119373792
0.9650000000000001 -0.3055725287458275 -0.3058778688056262
0.97 -0.296375552578745 -0.2966281484659793
0.9750000000000001 -0.2871295531574605 -0.2873215777684297
0.98 -0.2778431554851442 -0.2779666038812229
0.9850000000000001 -0.2685248732838268 -0.2685715884707467
0.99 -0.2591831023668527 -0.2591448019990666
0.9950000000000001 -0.2498261142448027 -0.2496944181385132
1 -0.2404620499685837 -0.2402285083029756
