0 142.404 137.45 147.535 137.45 147.535
0.1 139.994 135.028 144.935 135.222 145.143
0.2 137.626 132.649 142.382 133.029 142.79
0.3 135.298 130.312 139.873 130.872 140.475
0.4 133.009 128.015 137.408 128.75 138.197
0.5 130.759 125.76 134.987 126.663 135.956
0.6 128.546 123.544 132.608 124.609 133.752
0.7 126.372 121.367 130.271 122.589 131.583
0.8 124.234 119.228 127.976 120.601 129.45
0.9 122.132 117.127 125.721 118.646 127.351
1 120.066 115.063 123.506 116.722 125.286
1.1 118.035 113.036 121.329 114.83 123.255
1.2 116.038 111.044 119.191 112.968 121.256
1.3 114.075 109.087 117.091 111.136 119.29
1.4 112.145 107.165 115.028 109.334 117.356
1.5 110.248 105.277 113.001 107.561 115.453
1.6 108.382 103.422 111.01 105.817 113.581
1.7 106.549 101.599 109.054 104.102 111.74
1.8 104.746 99.8089 107.132 102.414 109.928
1.9 102.974 98.0502 105.244 100.753 108.146
2 101.232 96.3225 103.39 99.1197 106.392
2.1 99.5196 94.6252 101.568 97.5126 104.667
2.2 97.8359 92.9578 99.7782 95.9315 102.97
2.3 96.1808 91.3198 98.02 94.3761 101.301
2.4 94.5536 89.7106 96.2928 92.8459 99.6581
2.5 92.954 88.1298 94.596 91.3405 98.0422
2.6 91.3814 86.5769 92.9291 89.8595 96.4526
2.7 89.8355 85.0513 91.2916 88.4026 94.8887
2.8 88.3157 83.5527 89.683 86.9692 93.3502
2.9 86.8216 82.0804 88.1027 85.5591 91.8366
3 85.3528 80.634 86.5502 84.1719 90.3476
3.1 83.9088 79.2132 85.0251 82.8071 88.8827
3.2 82.4892 77.8174 83.5269 81.4645 87.4416
3.3 81.0937 76.4462 82.0551 80.1436 86.0238
3.4 79.7218 75.0991 80.6092 78.8442 84.629
3.5 78.3731 73.7758 79.1888 77.5658 83.2569
3.6 77.0472 72.4758 77.7934 76.3082 81.907
3.7 75.7437 71.1987 76.4226 75.0709 80.5789
3.8 74.4623 69.9441 75.0759 73.8537 79.2724
3.9 73.2026 68.7116 73.753 72.6563 77.9871
4 71.9642 67.5009 72.4534 71.4783 76.7227
4.1 70.7467 66.3114 71.1767 70.3193 75.4787
4.2 69.5499 65.143 69.9225 69.1792 74.2549
4.3 68.3732 63.9951 68.6904 68.0575 73.0509
4.4 67.2165 62.8674 67.48 66.954 71.8665
4.5 66.0794 61.7596 66.291 65.8684 70.7013
4.6 64.9615 60.6714 65.1229 64.8005 69.5549
4.7 63.8625 59.6023 63.9753 63.7498 68.4272
4.8 62.7821 58.552 62.848 62.7162 67.3177
4.9 61.7199 57.5203 61.7406 61.6993 66.2262
5 60.6758 56.5067 60.6527 60.6989 65.1524
5.1 59.6493 55.511 59.5839 59.7147 64.0961
5.2 58.6402 54.5329 58.534 58.7465 63.0568
5.3 57.6481 53.5719 57.5025 57.794 62.0344
5.4 56.6728 52.6279 56.4893 56.857 61.0286
5.5 55.7141 51.7006 55.4939 55.9351 60.0391
5.6 54.7715 50.7896 54.516 55.0282 59.0656
5.7 53.8449 49.8946 53.5554 54.136 58.1079
5.8 52.934 49.0154 52.6117 53.2582 57.1658
5.9 52.0385 48.1517 51.6846 52.3947 56.2389
6 51.1581 47.3032 50.7739 51.5452 55.3271
6.1 50.2926 46.4697 49.8792 50.7094 54.43
6.2 49.4418 45.6509 49.0003 49.8872 53.5475
6.3 48.6053 44.8465 48.1369 49.0784 52.6793
6.4 47.783 44.0562 47.2887 48.2826 51.8251
6.5 46.9747 43.2799 46.4554 47.4998 50.9848
6.6 46.18 42.5173 45.6368 46.7296 50.1582
6.7 45.3987 41.7681 44.8326 45.9719 49.3449
6.8 44.6307 41.0321 44.0426 45.2266 48.5449
6.9 43.8756 40.3091 43.2666 44.4933 47.7578
7 43.1334 39.5988 42.5042 43.7719 46.9834
7.1 42.4036 38.901 41.7552 43.0621 46.2216
7.2 41.6863 38.2155 41.0194 42.3639 45.4722
7.3 40.981 37.5421 40.2966 41.6771 44.7349
7.4 40.2877 36.8806 39.5866 41.0013 44.0096
7.5 39.6062 36.2307 38.889 40.3365 43.296
7.6 38.9361 35.5923 38.2038 39.6825 42.594
7.7 38.2774 34.9651 37.5306 39.0391 41.9034
7.8 37.6298 34.349 36.8692 38.4061 41.224
7.9 36.9932 33.7438 36.2196 37.7834 40.5556
8 36.3674 33.1492 35.5813 37.1708 39.898
8.1 35.7521 32.565 34.9544 36.5681 39.2511
8.2 35.1473 31.9912 34.3384 35.9752 38.6147
8.3 34.5527 31.4275 33.7334 35.3919 37.9886
8.4 33.9681 30.8737 33.1389 34.8181 37.3727
8.5 33.3935 30.3297 32.555 34.2535 36.7667
8.6 32.8285 29.7953 31.9814 33.6982 36.1706
8.7 32.2732 29.2702 31.4178 33.1518 35.5841
8.8 31.7272 28.7545 30.8642 32.6143 35.0072
8.9 31.1904 28.2478 30.3203 32.0855 34.4396
9 30.6627 27.75 29.7861 31.5652 33.8812
9.1 30.144 27.261 29.2612 31.0534 33.3318
9.2 29.634 26.7807 28.7456 30.5499 32.7914
9.3 29.1327 26.3088 28.2391 30.0546 32.2597
9.4 28.6398 25.8452 27.7415 29.5673 31.7367
9.5 28.1553 25.3898 27.2526 29.0879 31.2221
9.6 27.679 24.9424 26.7724 28.6163 30.7159
9.7 27.2107 24.5029 26.3007 28.1523 30.2178
9.8 26.7504 24.0711 25.8372 27.6958 29.7279
9.9 26.2978 23.647 25.3819 27.2468 29.2459
10 25.8529 23.2303 24.9347 26.805 28.7717
10.1 25.4156 22.8209 24.4953 26.3704 28.3052
10.2 24.9856 22.4188 24.0637 25.9428 27.8463
10.3 24.5629 22.0238 23.6397 25.5222 27.3948
10.4 24.1474 21.6357 23.2231 25.1084 26.9506
10.5 23.7388 21.2544 22.8139 24.7013 26.5136
10.6 23.3372 20.8799 22.4119 24.3008 26.0837
10.7 22.9424 20.512 22.017 23.9068 25.6608
10.8 22.5543 20.1506 21.629 23.5191 25.2448
10.9 22.1727 19.7955 21.2479 23.1378 24.8354
11 21.7976 19.4467 20.8735 22.7627 24.4328
11.1 21.4288 19.104 20.5057 22.3936 24.0366
11.2 21.0663 18.7674 20.1443 22.0305 23.6469
11.3 20.7099 18.4367 19.7894 21.6733 23.2635
11.4 20.3596 18.1118 19.4407 21.3219 22.8863
11.5 20.0151 17.7926 19.0981 20.9762 22.5152
11.6 19.6765 17.4791 18.7616 20.6361 22.1502
11.7 19.3436 17.1711 18.431 20.3015 21.791
11.8 19.0164 16.8686 18.1062 19.9723 21.4377
11.9 18.6947 16.5713 17.7872 19.6485 21.0901
12 18.3784 16.2793 17.4737 19.3299 20.7482
12.1 18.0675 15.9925 17.1658 19.0165 20.4118
12.2 17.7618 15.7106 16.8633 18.7082 20.0808
12.3 17.4613 15.4338 16.5662 18.4048 19.7552
12.4 17.1659 15.1619 16.2743 18.1064 19.4349
12.5 16.8755 14.8947 15.9875 17.8128 19.1198
12.6 16.59 14.6322 15.7058 17.524 18.8098
12.7 16.3094 14.3744 15.4291 17.2399 18.5048
12.8 16.0334 14.1211 15.1572 16.9604 18.2048
12.9 15.7622 13.8723 14.8901 16.6854 17.9096
13 15.4955 13.6278 14.6277 16.4148 17.6192
13.1 15.2334 13.3877 14.37 16.1487 17.3335
13.2 14.9757 13.1518 14.1167 15.8869 17.0525
13.3 14.7223 12.92 13.868 15.6293 16.776
13.4 14.4733 12.6924 13.6236 15.3759 16.504
13.5 14.2284 12.4687 13.3836 15.1266 16.2364
13.6 13.9877 12.249 13.1477 14.8813 15.9732
13.7 13.7511 12.0332 12.9161 14.64 15.7142
13.8 13.5184 11.8211 12.6885 14.4027 15.4594
13.9 13.2897 11.6128 12.4649 14.1691 15.2087
14 13.0649 11.4082 12.2452 13.9394 14.9621
14.1 12.8439 11.2072 12.0295 13.7134 14.7195
14.2 12.6266 11.0097 11.8175 13.491 14.4809
14.3 12.413 10.8157 11.6093 13.2723 14.2461
14.4 12.203 10.6251 11.4047 13.0571 14.0151
14.5 11.9965 10.4379 11.2037 12.8454 13.7879
14.6 11.7936 10.254 11.0063 12.6371 13.5643
14.7 11.594 10.0733 10.8124 12.4322 13.3444
14.8 11.3979 9.89579 10.6218 12.2306 13.128
14.9 11.2051 9.72141 10.4347 12.0323 12.9152
15 11.0155 9.55011 10.2508 11.8373 12.7058
15.1 10.8292 9.38183 10.0702 11.6453 12.4997
15.2 10.6459 9.21651 9.89273 11.4565 12.2971
15.3 10.4658 9.05411 9.71841 11.2708 12.0977
15.4 10.2888 8.89457 9.54717 11.088 11.9015
15.5 10.1147 8.73784 9.37894 10.9082 11.7086
15.6 9.94361 8.58387 9.21367 10.7314 11.5187
15.7 9.77538 8.43261 9.05132 10.5574 11.332
15.8 9.61001 8.28402 8.89182 10.3862 11.1482
15.9 9.44743 8.13805 8.73514 10.2178 10.9675
16 9.2876 7.99465 8.58122 10.0521 10.7897
